#Total No. of Collocate Types: 713
#Total No. of Collocate Tokens: 10500
1	860	629	231	3.66053	the
2	476	260	216	3.70527	a
3	405	252	153	3.50695	and
4	366	45	321	4.02660	is
5	307	154	153	3.35223	of
6	302	151	151	3.49449	park
7	283	269	14	4.27452	olympic
8	238	130	108	4.79476	this
9	211	173	38	4.79904	beautiful
10	183	99	84	3.86251	for
11	182	7	175	3.71524	there
12	163	76	87	3.17134	it
13	161	133	28	3.03821	in
14	139	2	137	5.15381	has
15	126	13	113	3.03352	i
16	125	83	42	2.48325	to
17	118	7	111	3.65920	are
18	117	6	111	3.70729	was
19	111	69	42	5.61094	huge
20	102	6	96	4.67928	walking
21	96	96	0	4.75828	other
22	93	4	89	4.01124	with
23	76	33	43	3.74577	can
24	74	2	72	3.52443	that
25	73	3	70	3.70072	my
26	72	40	32	4.13126	day
27	70	64	6	4.34472	be
28	69	3	66	3.61942	some
29	68	4	64	5.73586	lovely
30	67	35	32	5.01850	went
31	67	33	34	4.93208	out
32	64	31	33	4.51090	people
33	64	0	64	5.14251	paths
34	64	31	33	4.98848	games
35	63	0	63	5.16101	into
36	63	0	63	6.22514	favourite
37	62	31	31	6.11717	these
38	62	62	0	5.29226	sep
39	62	62	0	6.07653	quiet
40	62	62	0	6.29226	purposes
41	62	62	0	5.99852	peaceful
42	62	0	62	6.29226	divided
43	58	55	3	3.90231	around
44	57	15	42	2.57825	seoul
45	56	48	8	3.38537	walk
46	52	15	37	4.07383	visit
47	50	39	11	3.42041	s
48	45	6	39	3.27631	from
49	44	37	7	2.89994	on
50	41	2	39	2.97033	so
51	41	6	35	4.74292	sculptures
52	41	20	21	3.53087	nice
53	39	3	36	3.32973	by
54	37	31	6	3.68153	where
55	37	36	1	4.35196	sculpture
56	37	2	35	3.97815	one
57	37	4	33	3.90180	museum
58	37	34	3	3.35196	history
59	37	5	32	2.49048	festival
60	36	33	3	4.03592	when
61	36	33	3	4.19539	view
62	36	1	35	2.97837	if
63	36	19	17	3.38537	great
64	36	35	1	4.84747	art
65	36	4	32	4.90759	along
66	35	33	2	3.77768	were
67	35	31	4	4.86695	quite
68	35	33	2	3.70729	different
69	34	10	24	1.43135	you
70	34	32	2	4.17027	used
71	34	2	32	5.09432	over
72	34	33	1	4.98740	nothing
73	34	1	33	5.25044	full
74	34	31	3	3.84056	bike
75	33	0	33	4.24919	top
76	33	31	2	4.94433	summer
77	33	31	2	4.18690	part
78	33	1	32	4.14683	korea
79	33	1	32	4.60873	had
80	33	33	0	4.10783	family
81	33	0	33	4.20737	families
82	33	31	2	4.22813	couple
83	33	1	32	5.01472	built
84	32	0	32	4.83282	than
85	32	32	0	5.29226	sunday
86	32	32	0	4.00685	stadiums
87	32	0	32	5.04433	soma
88	32	1	31	4.10243	since
89	32	31	1	5.29226	simple
90	32	32	0	5.20479	shop
91	32	0	32	5.24786	ponds
92	32	31	1	5.20479	perfect
93	32	32	0	2.76869	olympics
94	32	0	32	4.22617	far
95	32	32	0	5.20479	end
96	32	32	0	5.29226	doing
97	32	32	0	3.73767	cultural
98	31	0	31	5.29226	zones
99	31	0	31	5.20206	wish
100	31	0	31	5.15899	trail
101	31	0	31	5.24645	theme
102	31	0	31	5.29226	shelter
103	31	0	31	3.70729	september
104	31	0	31	5.24645	rather
105	31	0	31	5.29226	peaks
106	31	31	0	5.29226	organized
107	31	0	31	5.24645	joy
108	31	31	0	5.24645	international
109	31	0	31	5.29226	hi
110	31	31	0	5.29226	grocery
111	31	31	0	5.15899	friendly
112	31	0	31	5.24645	four
113	31	0	31	5.29226	five
114	31	31	0	4.29226	environment
115	31	31	0	4.29226	culture
116	31	31	0	5.29226	ceremonies
117	31	0	31	4.20206	cafes
118	31	31	0	4.24645	artists
119	31	31	0	5.24645	apparently
120	25	11	14	3.07813	very
121	20	9	11	1.78129	place
122	20	16	4	3.10639	at
123	16	6	10	2.00685	but
124	14	3	11	2.70729	have
125	14	5	9	1.90979	an
126	13	3	10	2.53326	we
127	13	6	7	3.74477	good
128	12	5	7	3.74794	just
129	11	9	2	4.66422	through
130	11	4	7	2.07926	t
131	11	6	5	0.92514	see
132	11	3	8	1.10783	many
133	10	2	8	2.88626	station
134	10	6	4	2.59182	do
135	9	3	6	1.27236	will
136	9	3	6	1.41779	well
137	9	4	5	5.00275	located
138	9	6	3	2.21425	large
139	9	5	4	3.87722	interesting
140	9	3	6	4.55529	clean
141	9	4	5	1.03592	as
142	8	6	2	3.89994	stroll
143	8	2	6	1.09258	or
144	8	3	5	3.89994	open
145	8	2	6	1.86599	not
146	8	4	4	5.12233	line
147	8	5	3	1.91722	enjoy
148	7	1	6	2.12233	they
149	7	5	2	3.70729	subway
150	7	5	2	1.60776	really
151	7	1	6	3.09961	lots
152	7	7	0	4.19272	inside
153	7	2	5	1.57605	gate
154	7	2	5	2.60776	big
155	6	4	2	1.26251	time
156	6	4	2	1.27731	take
157	6	3	3	2.23336	sports
158	6	1	5	1.38537	lot
159	6	3	3	3.78976	free
160	6	2	4	1.19072	area
161	5	5	0	4.29226	whole
162	5	1	4	4.44426	took
163	5	3	2	1.78129	still
164	5	2	3	4.80683	statues
165	5	2	3	2.02922	rent
166	5	2	3	0.78129	peace
167	5	3	2	1.48490	parks
168	5	1	4	4.29226	near
169	5	2	3	0.55890	here
170	5	1	4	0.87272	during
171	5	2	3	2.22187	didn
172	5	3	2	3.80683	bikes
173	5	1	4	2.29226	all
174	4	2	2	2.76869	worth
175	4	3	1	4.70729	wide
176	4	1	3	0.64840	which
177	4	3	1	3.97033	what
178	4	2	2	3.59182	way
179	4	3	1	1.80040	visited
180	4	1	3	3.83282	views
181	4	3	1	1.93470	trip
182	4	1	3	1.08280	trees
183	4	4	0	4.12233	tour
184	4	0	4	3.48490	then
185	4	1	3	1.73767	spend
186	4	2	2	4.97033	spacious
187	4	1	3	1.14251	no
188	4	2	2	0.53737	must
189	4	3	1	2.70729	much
190	4	2	2	1.48490	more
191	4	2	2	3.20479	love
192	4	4	0	3.83282	leisure
193	4	1	3	4.70729	impressive
194	4	2	2	3.70729	hour
195	4	3	1	1.93470	go
196	4	3	1	3.59182	few
197	4	2	2	4.29226	exit
198	4	4	0	4.97033	entire
199	4	1	3	1.89994	easy
200	4	3	1	2.64840	city
201	3	3	0	2.97033	your
202	3	0	3	1.70729	year
203	3	1	2	3.06986	winter
204	3	1	2	3.29226	while
205	3	3	0	4.29226	walked
206	3	2	1	1.48490	visiting
207	3	3	0	3.87722	use
208	3	3	0	3.70729	tourist
209	3	2	1	1.14930	too
210	3	3	0	4.55529	throughout
211	3	2	1	3.87722	think
212	3	2	1	3.41779	taking
213	3	1	2	4.87722	stunning
214	3	0	3	0.83282	spot
215	3	1	2	4.87722	special
216	3	1	2	0.19072	space
217	3	0	3	5.29226	south
218	3	2	1	3.29226	small
219	3	1	2	4.55529	sight
220	3	3	0	4.29226	scenery
221	3	1	2	4.29226	rest
222	3	2	1	4.29226	relaxing
223	3	1	2	1.51967	public
224	3	1	2	4.87722	probably
225	3	2	1	3.70729	pretty
226	3	3	0	1.62929	nature
227	3	2	1	0.66777	museums
228	3	1	2	1.59182	metro
229	3	1	2	3.55529	location
230	3	1	2	5.87722	landfill
231	3	0	3	1.70729	kept
232	3	3	0	4.87722	jazz
233	3	1	2	1.38537	its
234	3	3	0	2.97033	hours
235	3	2	1	3.55529	half
236	3	2	1	0.32263	get
237	3	2	1	3.87722	gardens
238	3	3	0	2.35366	fun
239	3	1	2	1.45095	found
240	3	2	1	3.29226	flowers
241	3	2	1	3.29226	flags
242	3	2	1	4.29226	fantastic
243	3	1	2	0.66777	facilities
244	3	1	2	0.78976	experience
245	3	1	2	5.87722	ex
246	3	2	1	0.81113	events
247	3	0	3	2.78976	even
248	3	2	1	2.70729	entrance
249	3	2	1	1.32263	enjoyed
250	3	1	2	4.29226	east
251	3	1	2	5.87722	disappointing
252	3	2	1	4.87722	cycle
253	3	2	1	5.29226	conveniently
254	3	3	0	3.55529	coffee
255	3	1	2	0.24786	busy
256	3	2	1	5.87722	both
257	3	3	0	0.55529	away
258	3	2	1	3.17678	areas
259	3	1	2	-0.68502	also
260	3	2	1	3.70729	air
261	3	2	1	4.87722	admission
262	3	3	0	3.55529	activities
263	2	0	2	1.89994	would
264	2	1	1	5.29226	works
265	2	2	0	0.89994	wonderful
266	2	2	0	1.20479	within
267	2	0	2	3.97033	wasn
268	2	1	1	0.83282	want
269	2	1	1	1.16297	wall
270	2	1	1	1.16297	visitors
271	2	1	1	2.83282	venues
272	2	1	1	4.70729	vending
273	2	1	1	2.48490	up
274	2	0	2	4.29226	today
275	2	1	1	1.08280	things
276	2	1	1	5.29226	themed
277	2	2	0	0.86599	their
278	2	2	0	4.70729	sunset
279	2	0	2	3.70729	such
280	2	1	1	4.29226	structures
281	2	2	0	4.29226	strolling
282	2	1	1	1.16297	statue
283	2	1	1	5.29226	started
284	2	1	1	3.70729	stadium
285	2	1	1	3.97033	sport
286	2	1	1	6.29226	son
287	2	1	1	6.29226	shines
288	2	2	0	4.29226	scattered
289	2	1	1	4.29226	rose
290	2	2	0	3.29226	road
291	2	2	0	2.83282	ride
292	2	2	0	3.29226	restaurants
293	2	2	0	5.29226	relaxation
294	2	0	2	4.29226	playing
295	2	0	2	0.97033	places
296	2	1	1	2.97033	photo
297	2	1	1	2.70729	outdoor
298	2	1	1	2.97033	our
299	2	0	2	3.12233	only
300	2	0	2	1.12233	offers
301	2	1	1	4.29226	offer
302	2	2	0	3.48490	off
303	2	1	1	1.24786	obviously
304	2	1	1	1.08280	now
305	2	2	0	4.70729	nations
306	2	1	1	3.70729	modern
307	2	0	2	4.29226	managed
308	2	0	2	2.97033	maintained
309	2	1	1	2.12233	main
310	2	1	1	4.29226	machines
311	2	0	2	2.83282	look
312	2	1	1	0.83282	long
313	2	1	1	1.00685	ll
314	2	1	1	3.70729	live
315	2	2	0	4.70729	legacy
316	2	1	1	6.29226	leading
317	2	0	2	5.29226	landscaped
318	2	2	0	4.70729	landmark
319	2	1	1	0.83282	kids
320	2	1	1	4.70729	jog
321	2	0	2	4.29226	itself
322	2	1	1	4.70729	impressed
323	2	1	1	4.29226	hosted
324	2	1	1	1.16297	green
325	2	1	1	4.70729	grand
326	2	1	1	3.29226	got
327	2	2	0	4.70729	giant
328	2	1	1	2.83282	garden
329	2	1	1	3.48490	fresh
330	2	2	0	6.29226	floor
331	2	1	1	0.89994	find
332	2	1	1	0.24786	favorite
333	2	0	2	1.20479	fall
334	2	0	2	5.29226	extraordinary
335	2	1	1	3.70729	exercise
336	2	1	1	6.29226	environmental
337	2	2	0	4.70729	enough
338	2	1	1	6.29226	enchanting
339	2	1	1	6.29226	eco
340	2	2	0	3.29226	down
341	2	0	2	2.70729	did
342	2	1	1	1.04433	cycling
343	2	1	1	3.29226	cool
344	2	2	0	2.29226	concert
345	2	0	2	6.29226	carpark
346	2	2	0	5.29226	car
347	2	1	1	3.48490	bit
348	2	0	2	1.20479	bicycle
349	2	0	2	2.83282	been
350	2	2	0	4.70729	attractions
351	2	1	1	5.29226	atmosphere
352	2	1	1	4.70729	architecture
353	2	0	2	3.12233	any
354	2	1	1	4.70729	another
355	2	1	1	5.29226	already
356	2	2	0	6.29226	admissionthe
357	2	1	1	0.51090	about
358	1	0	1	3.70729	wouldn
359	1	1	0	-1.10006	world
360	1	1	0	5.29226	workout
361	1	1	0	0.24786	work
362	1	0	1	3.70729	west
363	1	0	1	5.29226	week
364	1	0	1	5.29226	ways
365	1	0	1	2.29226	watch
366	1	0	1	5.29226	wandered
367	1	1	0	5.29226	wan
368	1	0	1	3.29226	walkway
369	1	1	0	5.29226	walks
370	1	0	1	5.29226	visitng
371	1	0	1	4.29226	viewing
372	1	1	0	5.29226	ventured
373	1	0	1	5.29226	user
374	1	1	0	2.48490	us
375	1	1	0	3.70729	unwind
376	1	0	1	4.29226	until
377	1	1	0	5.29226	unique
378	1	1	0	5.29226	undoubted
379	1	0	1	5.29226	underestimated
380	1	1	0	4.29226	typical
381	1	1	0	4.29226	type
382	1	0	1	4.29226	turned
383	1	0	1	3.70729	turn
384	1	1	0	5.29226	true
385	1	1	0	3.29226	tree
386	1	0	1	4.29226	travelling
387	1	0	1	4.29226	travel
388	1	1	0	4.29226	transport
389	1	0	1	5.29226	trains
390	1	0	1	2.48490	train
391	1	0	1	4.29226	trails
392	1	0	1	5.29226	totems
393	1	0	1	4.29226	total
394	1	0	1	4.29226	tons
395	1	0	1	4.29226	toilets
396	1	0	1	5.29226	tiny
397	1	1	0	5.29226	throw
398	1	1	0	3.29226	thought
399	1	0	1	5.29226	thats
400	1	0	1	3.29226	tennis
401	1	0	1	3.29226	tandem
402	1	0	1	3.70729	takes
403	1	0	1	3.70729	surrounding
404	1	0	1	5.29226	surrounded
405	1	0	1	5.29226	supposedly
406	1	0	1	5.29226	supposed
407	1	1	0	0.20479	sunny
408	1	1	0	5.29226	stunts
409	1	0	1	4.29226	stuff
410	1	1	0	3.70729	steps
411	1	1	0	3.70729	staying
412	1	1	0	3.70729	stayed
413	1	1	0	4.29226	starbucks
414	1	0	1	2.29226	spring
415	1	1	0	5.29226	spread
416	1	0	1	2.97033	spots
417	1	1	0	0.20479	sporting
418	1	0	1	3.29226	spent
419	1	1	0	4.29226	speakers
420	1	0	1	4.29226	somewhat
421	1	0	1	5.29226	slated
422	1	0	1	5.29226	skillfully
423	1	1	0	5.29226	size
424	1	0	1	5.29226	sits
425	1	1	0	2.70729	site
426	1	1	0	5.29226	should
427	1	1	0	3.29226	shops
428	1	0	1	4.29226	shape
429	1	1	0	3.70729	service
430	1	0	1	5.29226	sept
431	1	0	1	5.29226	seemed
432	1	1	0	4.29226	seaters
433	1	0	1	3.70729	school
434	1	0	1	3.29226	scenic
435	1	0	1	5.29226	sceneries
436	1	0	1	2.70729	saw
437	1	0	1	5.29226	said
438	1	1	0	5.29226	rush
439	1	0	1	2.70729	running
440	1	1	0	3.29226	round
441	1	0	1	5.29226	rooms
442	1	0	1	4.29226	room
443	1	0	1	2.97033	river
444	1	1	0	5.29226	rio
445	1	1	0	4.29226	review
446	1	1	0	5.29226	restrooms
447	1	0	1	2.97033	rented
448	1	0	1	0.20479	rental
449	1	1	0	4.29226	remembered
450	1	1	0	4.29226	relaxed
451	1	1	0	1.70729	relax
452	1	1	0	5.29226	reconnect
453	1	0	1	0.20479	recommended
454	1	0	1	1.59182	recommend
455	1	1	0	5.29226	receptacles
456	1	0	1	3.70729	recent
457	1	1	0	3.29226	real
458	1	0	1	5.29226	reachable
459	1	0	1	5.29226	reach
460	1	1	0	5.29226	rainy
461	1	0	1	5.29226	raining
462	1	0	1	4.29226	rabbits
463	1	0	1	4.29226	put
464	1	1	0	5.29226	provoking
465	1	0	1	3.70729	provides
466	1	0	1	5.29226	provide
467	1	1	0	5.29226	prices
468	1	0	1	2.12233	plenty
469	1	0	1	5.29226	pleased
470	1	1	0	-0.10006	pleasant
471	1	1	0	2.70729	plaza
472	1	1	0	5.29226	planned
473	1	1	0	3.70729	placed
474	1	0	1	5.29226	picturesque
475	1	1	0	0.12233	pictures
476	1	0	1	3.70729	picnics
477	1	1	0	-0.19960	picnic
478	1	0	1	2.48490	photos
479	1	0	1	5.29226	phographers
480	1	0	1	5.29226	permissible
481	1	1	0	2.97033	past
482	1	0	1	3.70729	parts
483	1	1	0	5.29226	participating
484	1	1	0	4.29226	participant
485	1	0	1	4.29226	parade
486	1	1	0	5.29226	overview
487	1	0	1	3.70729	outside
488	1	1	0	5.29226	outlet
489	1	1	0	3.70729	others
490	1	1	0	4.29226	options
491	1	1	0	4.29226	opportunity
492	1	0	1	4.29226	once
493	1	0	1	1.83282	old
494	1	0	1	5.29226	notice
495	1	0	1	3.70729	nicely
496	1	1	0	3.29226	next
497	1	1	0	3.70729	navigate
498	1	0	1	0.12233	national
499	1	1	0	5.29226	names
500	1	1	0	5.29226	myself
501	1	0	1	0.20479	music
502	1	0	1	5.29226	mundane
503	1	1	0	5.29226	mouth
504	1	0	1	1.70729	most
505	1	0	1	5.29226	mornings
506	1	1	0	2.12233	morning
507	1	1	0	0.24786	monument
508	1	0	1	5.29226	mongchotoseong
509	1	0	1	2.97033	middle
510	1	1	0	-0.73011	memories
511	1	0	1	3.29226	may
512	1	1	0	3.70729	massive
513	1	0	1	5.29226	major
514	1	1	0	5.29226	magnificent
515	1	1	0	2.29226	made
516	1	0	1	5.29226	lush
517	1	0	1	5.29226	luscious
518	1	1	0	5.29226	lover
519	1	0	1	5.29226	loveliest
520	1	0	1	5.29226	loose
521	1	0	1	2.70729	looking
522	1	1	0	4.29226	lively
523	1	0	1	5.29226	lived
524	1	1	0	4.29226	lines
525	1	0	1	4.29226	likely
526	1	0	1	-0.43566	like
527	1	0	1	5.29226	lie
528	1	1	0	2.97033	left
529	1	1	0	4.29226	leaving
530	1	0	1	3.70729	leaves
531	1	0	1	4.29226	least
532	1	0	1	5.29226	learn
533	1	1	0	5.29226	lastly
534	1	0	1	0.12233	last
535	1	1	0	0.29226	landscaping
536	1	0	1	4.29226	landmarks
537	1	1	0	0.16297	lakes
538	1	1	0	-1.40818	lake
539	1	0	1	-1.44921	korean
540	1	0	1	0.16297	km
541	1	0	1	5.29226	kicking
542	1	1	0	5.29226	key
543	1	1	0	4.29226	justice
544	1	1	0	2.70729	jogging
545	1	1	0	4.29226	job
546	1	0	1	2.97033	jamsil
547	1	1	0	3.70729	itinerary
548	1	0	1	3.29226	isn
549	1	1	0	5.29226	intenational
550	1	0	1	5.29226	infinity
551	1	1	0	5.29226	incorporated
552	1	0	1	0.16297	including
553	1	0	1	5.29226	include
554	1	1	0	4.29226	idea
555	1	1	0	5.29226	icons
556	1	0	1	3.70729	husband
557	1	0	1	4.29226	hundreds
558	1	0	1	4.29226	http
559	1	0	1	-0.06530	however
560	1	0	1	2.48490	how
561	1	0	1	5.29226	house
562	1	0	1	3.29226	hotel
563	1	0	1	5.29226	hongik
564	1	0	1	3.29226	historical
565	1	1	0	-0.70774	historic
566	1	0	1	2.97033	hired
567	1	1	0	0.16297	highly
568	1	0	1	3.70729	highlight
569	1	1	0	4.29226	helpful
570	1	1	0	5.29226	heart
571	1	1	0	4.29226	head
572	1	0	1	0.24786	harmony
573	1	0	1	4.29226	halls
574	1	0	1	5.29226	habitats
575	1	1	0	1.38537	grounds
576	1	1	0	3.70729	ground
577	1	0	1	5.29226	greens
578	1	0	1	5.29226	greener
579	1	0	1	5.29226	grassplots
580	1	1	0	5.29226	gotten
581	1	1	0	1.20479	going
582	1	1	0	0.24786	glimpse
583	1	0	1	4.29226	getting
584	1	0	1	5.29226	getaway
585	1	1	0	0.00685	game
586	1	1	0	5.29226	galleries
587	1	0	1	0.24786	front
588	1	0	1	5.29226	frequently
589	1	0	1	5.29226	fountain
590	1	0	1	-1.36596	fortress
591	1	1	0	5.29226	forgotten
592	1	1	0	3.29226	forest
593	1	1	0	5.29226	foreigners
594	1	0	1	1.20479	food
595	1	1	0	5.29226	flourishing
596	1	0	1	5.29226	flora
597	1	0	1	5.29226	flocks
598	1	0	1	-0.06530	first
599	1	1	0	5.29226	finished
600	1	0	1	5.29226	finally
601	1	0	1	4.29226	filled
602	1	0	1	4.29226	festivals
603	1	1	0	4.29226	feeling
604	1	0	1	5.29226	fee
605	1	0	1	5.29226	featuring
606	1	0	1	5.29226	fauna
607	1	1	0	3.29226	fans
608	1	0	1	3.29226	famous
609	1	0	1	5.29226	fabulous
610	1	1	0	4.29226	extensive
611	1	1	0	4.29226	exploring
612	1	1	0	1.83282	explore
613	1	0	1	5.29226	expensive
614	1	1	0	3.29226	expect
615	1	1	0	3.70729	expansive
616	1	1	0	5.29226	exceptional
617	1	1	0	3.70729	except
618	1	1	0	2.48490	excellent
619	1	0	1	0.29226	example
620	1	1	0	5.29226	examining
621	1	0	1	3.70729	everywhere
622	1	0	1	2.29226	everything
623	1	1	0	3.29226	everyone
624	1	0	1	3.29226	event
625	1	1	0	5.29226	estate
626	1	1	0	4.29226	establishments
627	1	1	0	5.29226	enjoys
628	1	1	0	3.29226	empty
629	1	1	0	5.29226	either
630	1	1	0	5.29226	eater
631	1	0	1	2.48490	easily
632	1	0	1	2.97033	each
633	1	1	0	4.29226	directions
634	1	1	0	5.29226	dining
635	1	0	1	5.29226	diffrent
636	1	0	1	5.29226	difficult
637	1	1	0	5.29226	destinations
638	1	1	0	5.29226	destination
639	1	1	0	5.29226	despite
640	1	1	0	5.29226	designed
641	1	1	0	1.70729	definitely
642	1	0	1	4.29226	decide
643	1	0	1	5.29226	decent
644	1	1	0	4.29226	days
645	1	1	0	4.29226	dated
646	1	1	0	5.29226	cycled
647	1	1	0	3.29226	crowded
648	1	0	1	5.29226	courts
649	1	1	0	2.48490	countries
650	1	0	1	1.29226	could
651	1	0	1	5.29226	corners
652	1	1	0	2.97033	convenient
653	1	0	1	5.29226	contains
654	1	1	0	5.29226	construction
655	1	1	0	3.70729	complex
656	1	0	1	3.70729	complete
657	1	0	1	5.29226	comfy
658	1	1	0	4.29226	combine
659	1	0	1	5.29226	cluster
660	1	0	1	5.29226	closing
661	1	1	0	2.70729	close
662	1	0	1	4.29226	classical
663	1	0	1	4.29226	cherry
664	1	1	0	0.12233	check
665	1	1	0	4.29226	charge
666	1	1	0	2.97033	chance
667	1	1	0	4.29226	central
668	1	0	1	3.70729	center
669	1	1	0	4.29226	caught
670	1	0	1	5.29226	captivating
671	1	0	1	-0.85749	came
672	1	0	1	3.70729	calm
673	1	0	1	5.29226	call
674	1	1	0	3.29226	cafe
675	1	0	1	5.29226	business
676	1	1	0	2.97033	bus
677	1	0	1	2.97033	building
678	1	0	1	2.97033	break
679	1	0	1	5.29226	blossom
680	1	1	0	4.29226	bigbang
681	1	1	0	3.29226	bicycles
682	1	0	1	3.29226	being
683	1	1	0	-1.68502	beauty
684	1	0	1	4.29226	beautifully
685	1	1	0	5.29226	beautiflu
686	1	1	0	5.29226	bean
687	1	1	0	5.29226	basically
688	1	1	0	4.29226	bakje
689	1	0	1	3.29226	bad
690	1	1	0	-0.06530	back
691	1	0	1	2.48490	awesome
692	1	1	0	5.29226	await
693	1	1	0	3.70729	available
694	1	1	0	1.70729	autumn
695	1	0	1	4.29226	attraction
696	1	1	0	5.29226	asked
697	1	0	1	5.29226	asiad
698	1	1	0	3.70729	artwork
699	1	0	1	5.29226	arranged
700	1	1	0	5.29226	arrange
701	1	1	0	5.29226	annualy
702	1	0	1	5.29226	anevenng
703	1	1	0	0.16297	amazing
704	1	1	0	5.29226	alone
705	1	0	1	0.16297	again
706	1	1	0	0.08280	afternoon
707	1	1	0	5.29226	adorning
708	1	1	0	5.29226	adjacent
709	1	0	1	5.29226	addition
710	1	0	1	0.12233	actually
711	1	1	0	3.70729	across
712	1	0	1	4.29226	accommodate
713	1	1	0	4.29226	accesible
