#Total No. of Collocate Types: 437
#Total No. of Collocate Tokens: 1560
1	96	3	93	5.87542	village
2	89	57	32	3.51230	the
3	69	66	3	6.52643	bukchon
4	55	33	22	3.56167	a
5	44	24	20	3.13579	to
6	43	31	12	3.65296	of
7	43	28	15	3.97388	in
8	37	2	35	4.09861	is
9	36	24	12	4.35497	traditional
10	30	15	15	2.70354	and
11	27	10	17	4.09238	houses
12	22	14	8	4.33907	we
13	20	4	16	3.11858	it
14	16	10	6	4.39964	seoul
15	16	5	11	3.11634	are
16	15	8	7	3.73677	korean
17	14	3	11	3.18003	this
18	14	6	8	3.53120	place
19	13	12	1	3.89727	see
20	13	6	7	3.20840	for
21	12	11	1	3.96657	visit
22	12	4	8	3.89661	nice
23	11	2	9	2.07920	you
24	11	4	7	3.51375	that
25	11	8	3	3.43725	around
26	11	4	7	3.13854	area
27	10	2	8	3.59983	was
28	10	8	2	4.18897	time
29	10	2	8	3.62506	s
30	9	4	5	2.99981	with
31	9	2	7	2.43537	there
32	9	9	0	3.91667	at
33	8	5	3	2.77001	i
34	8	3	5	5.12756	homes
35	8	3	5	3.66813	here
36	7	2	5	4.33006	worth
37	7	1	6	3.22526	some
38	7	4	3	3.11049	old
39	7	3	4	4.49751	my
40	7	1	6	2.95003	but
41	7	5	2	3.13618	as
42	6	1	5	3.72763	where
43	6	2	4	4.83806	style
44	6	2	4	2.88810	not
45	6	2	4	3.32021	many
46	6	2	4	2.65363	can
47	6	1	5	3.59705	an
48	5	2	3	5.51089	walked
49	5	1	4	2.18897	walk
50	5	3	2	3.33402	streets
51	5	4	1	5.51089	stay
52	5	0	5	2.43454	so
53	5	1	4	3.40510	one
54	5	1	4	2.93642	on
55	5	3	2	3.13964	great
56	5	3	2	4.33402	day
57	4	2	2	3.60400	your
58	4	2	2	3.98461	well
59	4	3	1	2.67910	walking
60	4	3	1	5.32021	visited
61	4	0	4	2.43640	very
62	4	1	3	3.42712	they
63	4	4	0	7.12756	stayed
64	4	1	3	4.90517	right
65	4	2	2	2.72384	people
66	4	2	2	5.80564	next
67	4	1	3	3.75833	neighborhood
68	4	3	1	3.85455	must
69	4	2	2	3.82988	lot
70	4	0	4	3.52270	house
71	4	2	2	2.42712	hanok
72	4	2	2	3.85455	experience
73	4	4	0	6.90517	called
74	4	1	3	2.82988	beautiful
75	4	1	3	2.24492	be
76	4	1	3	4.22067	back
77	4	2	2	3.30314	also
78	4	1	3	3.48371	all
79	3	2	1	4.01209	while
80	3	2	1	3.65363	when
81	3	0	3	2.68278	were
82	3	1	2	2.93994	up
83	3	1	2	4.04956	tour
84	3	2	1	4.97556	seeing
85	3	2	1	3.16821	really
86	3	3	0	4.54260	palaces
87	3	3	0	3.04956	palace
88	3	3	0	3.83806	our
89	3	2	1	2.80564	or
90	3	1	2	3.93994	lovely
91	3	1	2	5.21003	located
92	3	0	3	3.62506	live
93	3	1	2	3.46460	korea
94	3	1	2	2.46460	just
95	3	2	1	3.80564	into
96	3	1	2	3.39060	interesting
97	3	0	3	2.10766	if
98	3	3	0	4.39060	history
99	3	1	2	2.40267	from
100	3	0	3	5.39060	far
101	3	2	1	4.29749	even
102	3	3	0	3.90517	culture
103	3	1	2	5.04956	center
104	3	2	1	2.88810	by
105	3	2	1	3.06867	architecture
106	2	1	1	6.12756	young
107	2	0	2	7.12756	yongin
108	2	1	1	4.01209	went
109	2	2	0	4.39060	wearing
110	2	2	0	3.95764	want
111	2	0	2	5.71253	villages
112	2	1	1	3.58324	views
113	2	1	1	3.39060	view
114	2	0	2	4.90517	used
115	2	1	1	5.71253	use
116	2	1	1	4.18897	two
117	2	2	0	3.01209	tourist
118	2	1	1	6.12756	told
119	2	0	2	2.87964	through
120	2	2	0	5.25310	things
121	2	0	2	3.35497	these
122	2	1	1	2.93117	their
123	2	1	1	7.12756	th
124	2	0	2	1.86704	take
125	2	1	1	2.08317	t
126	2	2	0	5.71253	strolling
127	2	1	1	2.40875	still
128	2	0	2	1.52270	shops
129	2	2	0	4.90517	same
130	2	2	0	4.32021	road
131	2	1	1	3.18897	restaurants
132	2	2	0	4.62506	real
133	2	2	0	2.73525	quite
134	2	0	2	3.50307	pretty
135	2	1	1	4.25310	past
136	2	2	0	5.01209	outside
137	2	2	0	4.06867	other
138	2	1	1	3.58324	only
139	2	1	1	4.01209	no
140	2	2	0	5.54260	night
141	2	1	1	4.90517	new
142	2	2	0	3.85455	narrow
143	2	2	0	3.71253	me
144	2	0	2	4.32021	made
145	2	0	2	2.95764	lots
146	2	2	0	7.71253	longer
147	2	2	0	3.58324	local
148	2	1	1	2.90517	little
149	2	1	1	7.12756	hundreds
150	2	1	1	6.71253	homestay
151	2	0	2	5.01209	home
152	2	2	0	6.39060	hike
153	2	1	1	1.66813	have
154	2	1	1	3.28626	had
155	2	1	1	4.18897	gyeongbokgung
156	2	0	2	7.12756	guesthouse
157	2	0	2	2.05432	good
158	2	1	1	3.75833	going
159	2	1	1	2.09782	get
160	2	2	0	3.66813	free
161	2	1	1	4.54260	food
162	2	2	0	2.90517	few
163	2	0	2	6.39060	fascinating
164	2	2	0	3.95764	explore
165	2	2	0	2.52270	do
166	2	0	2	7.12756	date
167	2	1	1	3.90517	come
168	2	2	0	5.39060	clean
169	2	1	1	2.62506	city
170	2	1	1	5.25310	came
171	2	1	1	8.71253	california
172	2	0	2	3.42712	bit
173	2	2	0	4.54260	between
174	2	1	1	3.90517	best
175	2	1	1	4.01209	before
176	2	1	1	3.85455	been
177	2	0	2	4.12756	amazing
178	2	1	1	4.06867	alleys
179	2	0	2	3.32021	actually
180	2	1	1	5.39060	across
181	1	1	0	4.12756	yourself
182	1	1	0	7.71253	yeon
183	1	1	0	3.25310	wonderful
184	1	1	0	4.25310	within
185	1	0	1	4.71253	winter
186	1	1	0	7.71253	whos
187	1	1	0	7.71253	whereas
188	1	1	0	2.95764	what
189	1	0	1	3.06867	wear
190	1	0	1	6.12756	waste
191	1	1	0	4.54260	wanted
192	1	0	1	6.71253	volunteer
193	1	1	0	5.12756	voice
194	1	0	1	4.90517	visitor
195	1	0	1	2.80564	visiting
196	1	1	0	6.71253	version
197	1	1	0	6.12756	until
198	1	1	0	7.71253	ultra
199	1	1	0	7.71253	traditionally
200	1	1	0	4.90517	tower
201	1	0	1	1.39060	tourists
202	1	0	1	6.12756	tourism
203	1	0	1	7.71253	touching
204	1	1	0	2.95764	took
205	1	1	0	4.25310	today
206	1	0	1	5.39060	tip
207	1	0	1	6.12756	thus
208	1	1	0	3.12756	those
209	1	0	1	2.80564	then
210	1	1	0	2.35497	them
211	1	0	1	5.71253	thanks
212	1	0	1	7.71253	testament
213	1	0	1	7.71253	term
214	1	0	1	6.12756	temple
215	1	0	1	2.58324	taking
216	1	1	0	4.12756	surrounded
217	1	1	0	2.80564	sure
218	1	0	1	5.71253	super
219	1	0	1	3.71253	such
220	1	0	1	3.25310	subway
221	1	1	0	3.01209	stroll
222	1	0	1	3.25310	stores
223	1	1	0	4.71253	stops
224	1	1	0	3.32021	stop
225	1	1	0	5.12756	staying
226	1	1	0	2.32021	station
227	1	0	1	6.12756	staff
228	1	0	1	6.71253	spread
229	1	0	1	3.54260	spots
230	1	1	0	3.25310	spot
231	1	0	1	4.25310	south
232	1	0	1	5.71253	someone
233	1	1	0	1.66813	small
234	1	1	0	7.71253	sloping
235	1	1	0	7.71253	sleep
236	1	1	0	5.71253	situated
237	1	1	0	2.75833	signs
238	1	1	0	5.39060	shrine
239	1	1	0	2.95764	shop
240	1	1	0	3.39060	shoes
241	1	1	0	4.39060	set
242	1	1	0	6.71253	schedule
243	1	1	0	6.12756	says
244	1	1	0	5.12756	samcheong
245	1	0	1	7.71253	resturaunt
246	1	1	0	5.71253	restored
247	1	1	0	1.90517	residential
248	1	0	1	4.25310	residences
249	1	0	1	4.71253	residence
250	1	1	0	7.71253	resemble
251	1	1	0	2.90517	rental
252	1	1	0	2.39060	rent
253	1	1	0	6.71253	remained
254	1	0	1	5.12756	recommended
255	1	1	0	2.95764	recommend
256	1	1	0	7.71253	reached
257	1	0	1	4.54260	rather
258	1	1	0	7.71253	rare
259	1	0	1	7.71253	raon
260	1	0	1	1.98461	quiet
261	1	0	1	2.42712	quaint
262	1	0	1	3.46460	private
263	1	0	1	6.71253	preserves
264	1	0	1	3.54260	prepared
265	1	1	0	4.12756	point
266	1	0	1	2.39060	places
267	1	1	0	5.71253	piece
268	1	1	0	3.71253	picture
269	1	1	0	5.12756	pics
270	1	1	0	2.06867	photos
271	1	0	1	2.50307	photo
272	1	0	1	6.12756	personal
273	1	1	0	7.71253	perfectly
274	1	0	1	6.12756	per
275	1	1	0	4.01209	peaceful
276	1	1	0	4.39060	parts
277	1	1	0	5.71253	owners
278	1	0	1	4.54260	overrated
279	1	0	1	2.39060	out
280	1	1	0	5.71253	ourselves
281	1	0	1	4.39060	original
282	1	1	0	4.39060	opportunity
283	1	1	0	7.71253	oot
284	1	0	1	4.71253	ones
285	1	1	0	5.71253	offers
286	1	0	1	4.12756	now
287	1	0	1	6.71253	nights
288	1	0	1	3.90517	neighbourhood
289	1	0	1	2.75833	need
290	1	0	1	5.39060	neat
291	1	0	1	3.80564	near
292	1	0	1	4.90517	name
293	1	0	1	5.12756	n
294	1	1	0	3.90517	museums
295	1	0	1	3.71253	museum
296	1	1	0	1.95764	much
297	1	0	1	3.39060	morning
298	1	1	0	1.60400	more
299	1	1	0	6.12756	modernized
300	1	1	0	3.54260	miss
301	1	0	1	6.71253	memories
302	1	0	1	5.12756	maybe
303	1	1	0	4.25310	may
304	1	1	0	4.71253	makes
305	1	0	1	2.95764	make
306	1	1	0	2.90517	main
307	1	1	0	4.39060	m
308	1	1	0	4.25310	lunch
309	1	1	0	6.12756	luckily
310	1	1	0	3.54260	loved
311	1	0	1	2.46460	love
312	1	0	1	3.32021	lost
313	1	1	0	2.39060	look
314	1	0	1	6.71253	loaded
315	1	1	0	2.66813	living
316	1	0	1	5.39060	list
317	1	1	0	1.26958	like
318	1	1	0	4.39060	life
319	1	1	0	7.71253	largest
320	1	0	1	5.39060	lady
321	1	0	1	4.54260	krw
322	1	1	0	5.39060	known
323	1	1	0	4.01209	kept
324	1	0	1	6.12756	kdrama
325	1	1	0	5.39060	jongmyo
326	1	1	0	7.71253	jae
327	1	0	1	4.71253	itself
328	1	1	0	6.71253	interior
329	1	1	0	4.39060	interested
330	1	0	1	7.71253	inspiration
331	1	1	0	2.62506	inside
332	1	1	0	7.71253	infamous
333	1	1	0	6.71253	impress
334	1	1	0	6.71253	im
335	1	1	0	2.46460	how
336	1	1	0	2.71253	hours
337	1	0	1	6.12756	hotel
338	1	0	1	5.71253	honestly
339	1	1	0	3.71253	historic
340	1	0	1	7.71253	him
341	1	1	0	3.90517	hills
342	1	0	1	2.71253	hill
343	1	1	0	7.71253	heyday
344	1	0	1	4.71253	helpful
345	1	1	0	6.12756	held
346	1	1	0	7.71253	harmony
347	1	0	1	6.12756	happy
348	1	1	0	1.02603	hanbok
349	1	0	1	6.71253	gyeongbokgong
350	1	0	1	3.32021	guide
351	1	0	1	4.90517	guest
352	1	0	1	3.39060	got
353	1	0	1	5.39060	gorgeous
354	1	0	1	1.05432	go
355	1	0	1	6.71253	gift
356	1	1	0	7.71253	genuine
357	1	1	0	3.80564	galleries
358	1	1	0	5.12756	front
359	1	0	1	4.71253	friend
360	1	1	0	3.46460	found
361	1	1	0	6.12756	foot
362	1	1	0	5.71253	followed
363	1	0	1	7.71253	fl
364	1	1	0	6.71253	filmed
365	1	0	1	4.54260	filled
366	1	1	0	4.71253	felt
367	1	1	0	4.90517	favorite
368	1	0	1	4.54260	exploring
369	1	1	0	3.54260	exit
370	1	1	0	7.71253	exhibitions
371	1	1	0	4.71253	excellent
372	1	1	0	6.12756	example
373	1	1	0	7.71253	europe
374	1	0	1	7.71253	eras
375	1	1	0	5.39060	environment
376	1	1	0	5.39060	entrance
377	1	1	0	4.01209	enter
378	1	1	0	3.32021	enjoyed
379	1	1	0	2.75833	enjoy
380	1	1	0	7.71253	endearing
381	1	0	1	3.80564	easy
382	1	0	1	2.80564	early
383	1	1	0	7.71253	e
384	1	0	1	7.71253	dynasties
385	1	0	1	3.06867	during
386	1	0	1	3.46460	dress
387	1	0	1	7.71253	drams
388	1	1	0	4.54260	dong
389	1	0	1	2.35497	don
390	1	0	1	4.71253	district
391	1	1	0	6.71253	discovering
392	1	0	1	7.71253	differing
393	1	0	1	5.12756	delicious
394	1	0	1	7.71253	dates
395	1	1	0	3.01209	cultural
396	1	0	1	4.12756	costumes
397	1	0	1	6.12756	costs
398	1	1	0	7.71253	concentration
399	1	0	1	7.71253	clusters
400	1	1	0	7.71253	cheong
401	1	0	1	4.12756	check
402	1	0	1	3.90517	charming
403	1	1	0	7.71253	chaos
404	1	1	0	6.71253	century
405	1	1	0	5.71253	centers
406	1	1	0	5.71253	capital
407	1	1	0	2.32021	cafes
408	1	1	0	7.71253	bukcheon
409	1	0	1	2.54260	buildings
410	1	0	1	7.71253	buddhist
411	1	0	1	5.71253	brought
412	1	0	1	6.12756	brings
413	1	1	0	5.12756	bring
414	1	1	0	4.71253	both
415	1	1	0	6.12756	book
416	1	1	0	7.71253	bnb
417	1	1	0	7.71253	biggest
418	1	1	0	6.71253	below
419	1	0	1	3.62506	being
420	1	1	0	5.71253	background
421	1	0	1	4.54260	awesome
422	1	0	1	3.90517	away
423	1	1	0	4.90517	available
424	1	1	0	5.39060	attractions
425	1	0	1	3.46460	areas
426	1	1	0	2.75833	anguk
427	1	0	1	3.32021	ancient
428	1	0	1	7.71253	americans
429	1	1	0	6.71253	allows
430	1	1	0	6.71253	allies
431	1	0	1	7.71253	alleyway
432	1	1	0	7.71253	agreeable
433	1	1	0	4.71253	again
434	1	0	1	2.39060	after
435	1	1	0	7.71253	affidavits
436	1	0	1	7.71253	acquaints
437	1	0	1	7.71253	accommodation
