#Total No. of Collocate Types: 662
#Total No. of Collocate Tokens: 3319
1	200	129	71	3.59079	the
2	141	129	12	5.23496	traditional
3	118	48	70	3.58965	and
4	106	76	30	3.86498	of
5	82	42	40	2.94427	to
6	82	22	60	4.38425	are
7	73	64	9	4.93007	korean
8	69	61	8	5.32202	old
9	68	27	41	2.77814	a
10	67	23	44	3.52407	in
11	57	32	25	4.57314	with
12	44	16	28	3.63524	there
13	40	11	29	2.85206	you
14	39	10	29	2.99241	it
15	34	18	16	4.41573	some
16	32	27	5	4.10719	see
17	32	7	25	2.79952	is
18	27	17	10	4.09238	hanok
19	26	19	7	4.44069	beautiful
20	25	15	10	4.28947	many
21	24	15	9	2.78579	village
22	24	9	15	4.21917	people
23	23	7	16	2.80660	this
24	23	8	15	3.95663	shops
25	22	11	11	2.70728	houses
26	20	6	14	2.95613	place
27	20	7	13	2.74025	for
28	20	10	10	3.30096	can
29	20	11	9	2.91139	area
30	19	2	17	3.21261	that
31	19	15	4	5.28585	tea
32	19	8	11	3.46994	nice
33	18	10	8	2.94732	walk
34	18	5	13	3.74842	here
35	17	7	10	3.43423	very
36	17	5	12	4.40657	still
37	17	12	5	2.97564	around
38	16	14	2	5.26534	these
39	16	14	2	5.16346	style
40	16	1	15	3.02298	so
41	16	10	6	4.95046	live
42	16	7	9	5.23057	actually
43	15	3	12	3.91507	were
44	14	1	13	4.26032	which
45	14	6	8	3.72980	streets
46	14	10	4	3.11736	seoul
47	14	6	8	5.78639	preserved
48	14	8	6	3.80089	one
49	14	2	12	3.38585	have
50	14	7	7	3.04654	as
51	13	3	10	2.49044	we
52	13	1	12	2.88870	was
53	13	2	11	3.22530	on
54	13	3	10	2.38082	i
55	12	4	8	4.47993	well
56	12	8	4	2.87694	visit
57	12	5	7	2.79846	s
58	12	8	4	4.68429	restaurants
59	12	8	4	3.37496	just
60	12	4	8	2.63800	but
61	11	3	8	3.63938	like
62	11	2	9	3.42411	good
63	11	4	7	3.67293	by
64	11	6	5	3.11654	at
65	10	7	3	3.09933	time
66	10	3	7	3.65942	they
67	10	4	6	4.35986	modern
68	10	7	3	4.58727	lovely
69	10	5	5	4.03793	interesting
70	10	3	7	3.05000	great
71	10	5	5	3.28661	go
72	10	5	5	3.85736	city
73	10	4	6	2.65020	bukchon
74	9	3	6	3.22296	where
75	9	7	2	3.74842	small
76	9	4	5	3.30096	or
77	9	5	4	4.30096	into
78	9	1	8	2.60299	if
79	9	8	1	4.54489	how
80	9	4	5	3.95992	along
81	9	5	4	3.56400	all
82	8	4	4	2.58947	walking
83	8	4	4	3.49361	really
84	8	3	5	4.76491	narrow
85	8	5	3	3.74025	lot
86	8	3	5	4.30096	look
87	8	1	7	2.92245	an
88	7	2	5	3.59735	street
89	7	4	3	4.14484	quaint
90	7	5	2	4.34278	most
91	7	3	4	3.32172	more
92	7	6	1	4.34278	inside
93	7	4	3	3.64888	find
94	7	6	1	3.62289	few
95	7	1	6	4.57226	been
96	7	3	4	3.02085	also
97	6	4	2	4.74842	wonderful
98	6	1	5	3.34987	will
99	6	1	5	2.85030	up
100	6	6	0	4.62289	those
101	6	2	4	4.50741	stroll
102	6	4	2	3.56400	photos
103	6	2	4	1.79846	not
104	6	3	3	3.40050	little
105	6	4	2	6.40050	guest
106	6	0	6	5.50741	gives
107	6	4	2	2.59314	get
108	6	2	4	6.62289	converted
109	6	4	2	2.97903	architecture
110	5	2	3	2.62289	tourists
111	5	2	3	3.58727	them
112	5	4	1	3.16346	their
113	5	2	3	3.81553	taking
114	5	2	3	2.09933	take
115	5	2	3	4.35986	nothing
116	5	0	5	2.92245	my
117	5	2	3	3.08684	must
118	5	5	0	3.69689	love
119	5	1	4	3.18993	lots
120	5	4	1	6.62289	lined
121	5	2	3	3.94482	hill
122	5	3	2	3.48539	has
123	5	3	2	2.25832	hanbok
124	5	1	4	6.13746	called
125	5	2	3	3.55250	cafes
126	5	0	5	5.62289	built
127	5	1	4	1.47721	be
128	5	1	4	3.45296	back
129	4	1	3	2.43307	worth
130	4	3	1	3.33749	while
131	4	0	4	4.71600	visitors
132	4	1	3	4.16346	unique
133	4	4	0	2.79000	through
134	4	1	3	1.99353	t
135	4	2	2	6.03793	staying
136	4	1	3	4.09933	stay
137	4	2	2	4.30096	seeing
138	4	0	4	5.30096	roofs
139	4	3	1	5.16346	residences
140	4	3	1	4.53543	over
141	4	1	3	5.30096	original
142	4	1	3	4.37496	open
143	4	1	3	5.62289	ones
144	4	3	1	4.81553	neighbourhood
145	4	2	2	2.66869	neighborhood
146	4	2	2	2.86800	much
147	4	2	2	4.45296	looking
148	4	3	1	3.57850	living
149	4	2	2	2.79000	korea
150	4	1	3	4.92245	kept
151	4	1	3	3.57850	keep
152	4	3	1	4.62289	historic
153	4	2	2	4.16346	hanoks
154	4	3	1	4.71600	galleries
155	4	2	2	1.72807	from
156	4	1	3	3.19663	feel
157	4	3	1	2.76491	experience
158	4	1	3	2.43307	do
159	4	3	1	4.03793	coffee
160	4	4	0	4.45296	between
161	4	3	1	5.30096	authentic
162	4	2	2	4.23057	ancient
163	3	1	2	2.56400	way
164	3	0	3	4.74842	walls
165	3	0	3	3.07857	views
166	3	1	2	4.40050	used
167	3	3	0	3.40050	try
168	3	3	0	2.65326	too
169	3	3	0	4.62289	surrounded
170	3	1	2	5.62289	structure
171	3	2	1	3.74842	spot
172	3	2	1	6.62289	slow
173	3	3	0	6.20785	rows
174	3	2	1	3.81553	road
175	3	1	2	3.50741	residents
176	3	2	1	2.40050	residential
177	3	0	3	3.45296	recommend
178	3	1	2	2.47993	quiet
179	3	0	3	6.62289	privately
180	3	0	3	3.95992	private
181	3	1	2	2.99840	pretty
182	3	2	1	2.92245	pictures
183	3	1	2	2.99840	photo
184	3	0	3	6.20785	owned
185	3	0	3	4.88592	opportunity
186	3	1	2	3.07857	only
187	3	3	0	5.88592	older
188	3	0	3	4.40050	new
189	3	0	3	4.62289	middle
190	3	1	2	3.81553	made
191	3	1	2	4.12039	located
192	3	0	3	4.30096	lived
193	3	3	0	6.20785	guesthouses
194	3	0	3	4.40050	give
195	3	2	1	3.81553	full
196	3	1	2	5.20785	excellent
197	3	1	2	3.20785	even
198	3	2	1	4.50741	enter
199	3	3	0	6.20785	centers
200	3	1	2	6.20785	capital
201	3	1	2	4.50741	cafe
202	3	0	3	4.12039	being
203	3	3	0	3.56400	alleys
204	2	1	1	1.51437	your
205	2	2	0	4.62289	yes
206	2	1	1	3.71600	whole
207	2	1	1	2.92245	who
208	2	0	2	1.97903	when
209	2	0	2	2.86800	what
210	2	1	1	4.16346	weather
211	2	1	1	4.62289	watch
212	2	2	0	2.86800	want
213	2	2	0	5.30096	wanna
214	2	1	1	6.03793	viewing
215	2	0	2	2.30096	view
216	2	1	1	6.62289	using
217	2	1	1	3.53543	uphill
218	2	0	2	4.62289	typical
219	2	1	1	5.62289	type
220	2	1	1	1.92245	tourist
221	2	0	2	2.37496	tour
222	2	1	1	2.86800	took
223	2	0	2	6.62289	tiny
224	2	1	1	5.62289	summer
225	2	1	1	3.16346	subway
226	2	2	0	5.62289	studios
227	2	1	1	4.62289	strolling
228	2	0	2	3.09933	steep
229	2	0	2	6.62289	stacked
230	2	1	1	6.03793	special
231	2	0	2	3.92245	souvenir
232	2	0	2	3.62289	since
233	2	0	2	5.62289	seem
234	2	2	0	4.16346	school
235	2	2	0	4.62289	saw
236	2	1	1	3.81553	same
237	2	1	1	6.03793	run
238	2	0	2	6.62289	rich
239	2	1	1	6.62289	representative
240	2	2	0	6.62289	replica
241	2	2	0	3.53543	real
242	2	0	2	1.64561	quite
243	2	0	2	6.62289	providing
244	2	2	0	4.30096	plenty
245	2	0	2	3.71600	picturesque
246	2	2	0	1.37496	palace
247	2	1	1	5.62289	owners
248	2	1	1	3.92245	outside
249	2	0	2	5.62289	ourselves
250	2	0	2	2.16346	our
251	2	0	2	6.03793	originally
252	2	1	1	4.81553	olden
253	2	0	2	4.45296	offer
254	2	0	2	3.71600	next
255	2	1	1	3.81553	museums
256	2	2	0	3.62289	museum
257	2	1	1	2.53543	map
258	2	0	2	2.86800	make
259	2	0	2	4.62289	maintained
260	2	2	0	4.16346	lunch
261	2	1	1	3.23057	lost
262	2	1	1	5.62289	lives
263	2	1	1	3.81553	left
264	2	2	0	2.33749	its
265	2	2	0	3.92245	home
266	2	2	0	3.81553	hilly
267	2	2	0	4.16346	heritage
268	2	0	2	2.19663	had
269	2	0	2	3.30096	got
270	2	2	0	5.03793	front
271	2	1	1	3.45296	food
272	2	0	2	4.62289	felt
273	2	1	1	3.71600	far
274	2	1	1	2.86800	explore
275	2	1	1	4.30096	etc
276	2	2	0	2.66869	enjoy
277	2	2	0	4.62289	disturb
278	2	2	0	3.23057	different
279	2	0	2	3.09933	definitely
280	2	0	2	6.03793	date
281	2	2	0	2.92245	cute
282	2	2	0	2.23057	culture
283	2	2	0	2.92245	cultural
284	2	1	1	3.62289	cool
285	2	0	2	5.62289	community
286	2	2	0	5.30096	commercial
287	2	2	0	6.03793	collection
288	2	0	2	5.03793	closed
289	2	1	1	2.45296	buildings
290	2	0	2	2.33749	bit
291	2	0	2	2.81553	best
292	2	1	1	6.03793	become
293	2	2	0	2.37496	because
294	2	2	0	5.62289	among
295	2	1	1	3.81553	actual
296	1	0	1	6.62289	yoy
297	1	1	0	3.03793	yourself
298	1	0	1	4.03793	young
299	1	1	0	4.30096	yet
300	1	0	1	3.03793	years
301	1	0	1	1.23057	would
302	1	0	1	2.92245	workshops
303	1	1	0	3.16346	within
304	1	0	1	4.30096	why
305	1	0	1	1.92245	went
306	1	0	1	2.30096	wearing
307	1	0	1	5.03793	ways
308	1	0	1	5.62289	watching
309	1	0	1	6.62289	warmed
310	1	0	1	2.09933	walked
311	1	0	1	5.62289	volume
312	1	1	0	1.71600	visiting
313	1	0	1	2.23057	visited
314	1	1	0	5.03793	vibe
315	1	0	1	6.62289	variety
316	1	0	1	3.62289	use
317	1	1	0	1.57850	us
318	1	1	0	6.62289	ultra
319	1	0	1	6.62289	ugly
320	1	1	0	6.62289	types
321	1	1	0	2.09933	two
322	1	0	1	6.62289	twist
323	1	0	1	4.62289	turned
324	1	0	1	4.30096	travel
325	1	0	1	5.62289	transported
326	1	1	0	3.16346	tradition
327	1	1	0	2.81553	town
328	1	0	1	6.62289	tours
329	1	0	1	5.03793	touring
330	1	1	0	5.03793	tough
331	1	0	1	5.62289	tops
332	1	0	1	6.62289	title
333	1	0	1	4.30096	tip
334	1	0	1	3.30096	times
335	1	0	1	6.62289	timeless
336	1	0	1	2.03793	though
337	1	1	0	5.03793	themselves
338	1	1	0	6.62289	thee
339	1	0	1	5.62289	thats
340	1	1	0	2.09933	than
341	1	0	1	6.62289	term
342	1	1	0	6.62289	teashops
343	1	1	0	1.71600	sure
344	1	0	1	6.62289	styles
345	1	1	0	5.62289	styled
346	1	0	1	5.03793	stunning
347	1	1	0	6.62289	study
348	1	0	1	4.03793	structures
349	1	1	0	5.62289	strolled
350	1	0	1	2.16346	stores
351	1	1	0	3.62289	store
352	1	1	0	5.03793	stopped
353	1	0	1	2.23057	stop
354	1	0	1	1.23057	station
355	1	0	1	6.62289	stand
356	1	1	0	5.62289	stair
357	1	1	0	5.62289	spotted
358	1	1	0	2.45296	spots
359	1	1	0	2.92245	spent
360	1	1	0	3.03793	souvenirs
361	1	1	0	5.62289	someday
362	1	0	1	5.03793	smaller
363	1	1	0	3.62289	slopes
364	1	1	0	5.62289	sky
365	1	1	0	6.62289	skanzen
366	1	0	1	4.62289	situated
367	1	0	1	4.03793	sit
368	1	0	1	4.62289	simply
369	1	1	0	3.62289	silence
370	1	0	1	1.66869	signs
371	1	0	1	5.62289	signage
372	1	0	1	4.03793	sight
373	1	1	0	6.62289	sigh
374	1	1	0	6.62289	sides
375	1	1	0	5.62289	shows
376	1	1	0	4.62289	shot
377	1	0	1	2.62289	shopping
378	1	0	1	1.86800	shop
379	1	0	1	2.30096	shoes
380	1	1	0	5.62289	sharing
381	1	0	1	6.62289	shame
382	1	1	0	3.45296	several
383	1	0	1	6.62289	setback
384	1	0	1	3.30096	set
385	1	0	1	5.62289	serving
386	1	1	0	5.03793	serene
387	1	0	1	3.30096	selling
388	1	1	0	3.62289	selfies
389	1	0	1	4.03793	seen
390	1	1	0	4.30096	seems
391	1	1	0	6.62289	scraper
392	1	0	1	6.62289	scenics
393	1	0	1	3.81553	scenic
394	1	0	1	5.03793	says
395	1	0	1	3.03793	said
396	1	0	1	3.16346	route
397	1	1	0	3.45296	round
398	1	0	1	4.30096	rooms
399	1	0	1	5.03793	rooftop
400	1	0	1	6.62289	roofing
401	1	0	1	4.30096	roof
402	1	0	1	1.81553	right
403	1	1	0	5.03793	review
404	1	0	1	6.62289	retains
405	1	1	0	4.62289	restored
406	1	0	1	5.62289	resided
407	1	0	1	4.03793	renovated
408	1	1	0	6.62289	renovate
409	1	0	1	6.62289	reminder
410	1	1	0	5.62289	remained
411	1	0	1	5.62289	relaxing
412	1	0	1	4.03793	recommended
413	1	1	0	5.03793	reasonable
414	1	0	1	2.16346	re
415	1	0	1	6.62289	raw
416	1	0	1	3.45296	rather
417	1	0	1	6.62289	range
418	1	1	0	5.62289	raining
419	1	0	1	5.03793	provided
420	1	0	1	5.03793	proper
421	1	1	0	6.62289	process
422	1	1	0	5.62289	prices
423	1	1	0	6.62289	prettily
424	1	1	0	6.62289	prettier
425	1	1	0	5.62289	preserves
426	1	1	0	4.62289	preserve
427	1	0	1	4.03793	prepare
428	1	0	1	4.03793	possible
429	1	0	1	3.62289	popular
430	1	1	0	4.62289	pm
431	1	0	1	5.03793	planned
432	1	0	1	1.30096	places
433	1	1	0	2.62289	picture
434	1	0	1	3.30096	photography
435	1	0	1	3.16346	photogenic
436	1	0	1	5.03793	perhaps
437	1	1	0	6.62289	perfume
438	1	1	0	6.62289	perfectly
439	1	1	0	2.92245	perfect
440	1	1	0	2.16346	past
441	1	1	0	1.92245	part
442	1	0	1	5.62289	overlooking
443	1	1	0	1.30096	out
444	1	1	0	1.97903	other
445	1	0	1	6.62289	organised
446	1	1	0	5.03793	ordinary
447	1	0	1	5.03793	opportunities
448	1	0	1	6.62289	operating
449	1	1	0	5.62289	op
450	1	0	1	6.62289	officials
451	1	0	1	4.30096	offering
452	1	1	0	6.62289	odd
453	1	0	1	5.03793	occupied
454	1	1	0	5.62289	occupants
455	1	0	1	6.62289	nostalgic
456	1	1	0	3.81553	noisy
457	1	1	0	6.62289	noises
458	1	1	0	3.03793	noise
459	1	1	0	3.45296	night
460	1	0	1	4.30096	never
461	1	0	1	1.66869	need
462	1	0	1	4.62289	nearly
463	1	1	0	5.03793	natural
464	1	0	1	3.81553	name
465	1	1	0	6.62289	myongdong
466	1	0	1	6.62289	mixes
467	1	1	0	2.62289	minutes
468	1	1	0	6.62289	metropolis
469	1	0	1	5.03793	meet
470	1	0	1	1.62289	me
471	1	0	1	4.30096	maze
472	1	0	1	3.16346	may
473	1	1	0	5.62289	master
474	1	0	1	1.81553	main
475	1	1	0	4.62289	magical
476	1	1	0	3.30096	m
477	1	1	0	5.62289	luxury
478	1	1	0	6.62289	loving
479	1	1	0	2.45296	loved
480	1	1	0	6.62289	lousy
481	1	0	1	3.81553	looks
482	1	0	1	5.03793	lookout
483	1	1	0	5.62289	longer
484	1	1	0	2.45296	long
485	1	0	1	6.62289	locked
486	1	0	1	2.81553	locals
487	1	0	1	6.62289	locality
488	1	0	1	1.49361	local
489	1	0	1	5.62289	loaded
490	1	1	0	4.03793	literally
491	1	0	1	2.81553	line
492	1	0	1	5.62289	limited
493	1	1	0	3.03793	less
494	1	0	1	6.62289	legit
495	1	0	1	6.62289	legacy
496	1	0	1	3.81553	learn
497	1	1	0	4.62289	lanes
498	1	0	1	6.62289	lamps
499	1	0	1	6.62289	l
500	1	1	0	4.30096	known
501	1	1	0	5.62289	knock
502	1	0	1	6.62289	kinds
503	1	0	1	3.30096	k
504	1	1	0	5.62289	jungle
505	1	1	0	3.30096	joseon
506	1	0	1	6.62289	joined
507	1	0	1	5.62289	jeonju
508	1	1	0	3.81553	itinerary
509	1	0	1	6.62289	interpretation
510	1	1	0	3.30096	interested
511	1	0	1	4.62289	inhabited
512	1	0	1	6.62289	inhabitat
513	1	1	0	5.03793	independent
514	1	0	1	4.62289	impressive
515	1	1	0	4.30096	immerse
516	1	0	1	5.03793	ice
517	1	1	0	4.62289	hype
518	1	1	0	5.03793	hundreds
519	1	0	1	0.43307	house
520	1	0	1	5.62289	hotels
521	1	0	1	2.92245	hot
522	1	1	0	2.45296	historical
523	1	1	0	5.03793	hired
524	1	0	1	5.03793	hire
525	1	0	1	6.62289	hillside
526	1	0	1	2.81553	hills
527	1	1	0	4.30096	hike
528	1	0	1	3.62289	highly
529	1	0	1	4.62289	higher
530	1	0	1	3.16346	high
531	1	0	1	6.62289	hence
532	1	1	0	3.62289	helpful
533	1	1	0	5.03793	held
534	1	0	1	5.62289	hands
535	1	0	1	5.03793	guesthouse
536	1	0	1	5.62289	guess
537	1	0	1	6.62289	grounds
538	1	0	1	6.62289	government
539	1	1	0	4.30096	gorgeous
540	1	0	1	5.62289	given
541	1	0	1	5.62289	gift
542	1	1	0	6.62289	gets
543	1	1	0	6.62289	genuine
544	1	0	1	6.62289	gates
545	1	0	1	3.16346	friends
546	1	0	1	3.62289	friend
547	1	0	1	1.57850	free
548	1	0	1	6.62289	form
549	1	0	1	3.81553	forget
550	1	1	0	5.62289	five
551	1	0	1	6.62289	finger
552	1	0	1	5.62289	finding
553	1	1	0	3.45296	filled
554	1	1	0	6.62289	featuring
555	1	1	0	6.62289	features
556	1	0	1	6.62289	fast
557	1	0	1	4.30096	famous
558	1	1	0	4.30096	families
559	1	0	1	6.62289	faithful
560	1	0	1	6.62289	f
561	1	1	0	3.45296	exploring
562	1	0	1	3.62289	expensive
563	1	0	1	4.03793	expected
564	1	1	0	6.62289	exhibitions
565	1	1	0	5.03793	except
566	1	0	1	6.62289	eventhough
567	1	0	1	6.62289	estates
568	1	1	0	4.62289	era
569	1	0	1	2.23057	enjoyed
570	1	0	1	3.81553	english
571	1	0	1	3.45296	eateries
572	1	0	1	4.30096	easily
573	1	0	1	1.97903	during
574	1	0	1	4.30096	due
575	1	0	1	5.62289	dressing
576	1	0	1	3.16346	dressed
577	1	0	1	2.37496	dress
578	1	1	0	3.45296	drama
579	1	1	0	1.57850	down
580	1	0	1	3.81553	doors
581	1	0	1	1.26534	don
582	1	0	1	5.03793	doesn
583	1	1	0	3.62289	district
584	1	1	0	6.62289	distinction
585	1	1	0	4.30096	discover
586	1	0	1	2.23057	did
587	1	1	0	5.03793	details
588	1	1	0	6.62289	designger
589	1	0	1	4.03793	design
590	1	1	0	6.62289	describe
591	1	0	1	5.03793	delightful
592	1	0	1	3.62289	decided
593	1	0	1	2.53543	days
594	1	0	1	4.03793	d
595	1	0	1	6.62289	cyclists
596	1	0	1	6.62289	curio
597	1	1	0	2.62289	crowded
598	1	0	1	5.03793	cream
599	1	0	1	4.30096	cozy
600	1	0	1	5.03793	coz
601	1	1	0	2.37496	couple
602	1	0	1	5.03793	couldn
603	1	0	1	5.62289	cosmetics
604	1	0	1	3.81553	contrast
605	1	1	0	6.62289	containing
606	1	1	0	5.62289	contain
607	1	0	1	5.62289	construction
608	1	0	1	5.62289	connected
609	1	0	1	6.62289	compound
610	1	0	1	5.62289	comparing
611	1	0	1	6.62289	compare
612	1	0	1	1.81553	come
613	1	1	0	6.62289	cluster
614	1	1	0	5.62289	cloth
615	1	0	1	2.71600	close
616	1	0	1	6.62289	cliffside
617	1	1	0	6.62289	clearly
618	1	1	0	3.30096	clean
619	1	1	0	5.03793	chinese
620	1	1	0	4.03793	charm
621	1	0	1	5.62289	characters
622	1	0	1	6.62289	characteristics
623	1	1	0	6.62289	characteristic
624	1	0	1	5.03793	centuries
625	1	0	1	2.37496	center
626	1	1	0	4.62289	cars
627	1	0	1	5.62289	carefully
628	1	0	1	5.03793	cannot
629	1	1	0	6.62289	call
630	1	0	1	6.62289	caffes
631	1	1	0	4.62289	buy
632	1	1	0	6.62289	bulding
633	1	1	0	4.03793	boutiques
634	1	1	0	3.62289	both
635	1	1	0	6.62289	blended
636	1	1	0	3.03793	big
637	1	0	1	2.45296	better
638	1	0	1	3.81553	beside
639	1	0	1	5.62289	behold
640	1	1	0	1.92245	before
641	1	1	0	3.45296	beauty
642	1	0	1	5.62289	beautifully
643	1	1	0	5.03793	basically
644	1	1	0	3.45296	awesome
645	1	0	1	3.62289	asking
646	1	0	1	3.81553	architectural
647	1	0	1	3.30096	any
648	1	0	1	3.03793	another
649	1	0	1	5.62289	amazingly
650	1	1	0	2.03793	amazing
651	1	1	0	3.81553	am
652	1	1	0	3.81553	always
653	1	0	1	3.81553	allow
654	1	0	1	6.62289	alleyway
655	1	0	1	3.81553	alley
656	1	1	0	4.30096	air
657	1	0	1	5.62289	advised
658	1	1	0	3.16346	activities
659	1	0	1	6.62289	according
660	1	1	0	0.79000	about
661	1	0	1	2.62289	able
662	1	0	1	5.03793	abit
