#Total No. of Collocate Types: 315
#Total No. of Collocate Tokens: 720
1	26	18	8	3.14500	the
2	22	5	17	6.25143	food
3	17	10	7	3.17690	to
4	17	9	8	3.33173	a
5	16	4	12	2.61291	and
6	15	12	3	3.99069	for
7	13	5	8	3.12172	is
8	12	9	3	2.83553	of
9	11	2	9	3.56591	this
10	10	9	1	3.22367	you
11	9	5	4	3.99915	that
12	9	1	8	3.28500	it
13	9	4	5	3.61630	are
14	8	4	4	4.19787	not
15	8	6	2	5.00980	from
16	8	0	8	4.93687	but
17	7	4	3	4.32411	t
18	7	3	4	3.07060	i
19	7	5	2	3.91098	at
20	7	3	4	4.06108	as
21	6	2	4	3.45241	restaurants
22	6	4	2	5.78893	korea
23	6	2	4	3.10172	itaewon
24	6	2	4	4.61630	has
25	5	3	2	4.46603	your
26	5	2	3	3.09566	there
27	5	3	2	4.57565	really
28	5	2	3	2.71855	place
29	5	0	5	5.06869	people
30	5	4	1	8.40854	non
31	5	2	3	4.20887	most
32	5	3	2	3.83869	many
33	5	5	0	3.62064	if
34	5	3	2	3.37512	here
35	5	4	1	4.45435	halal
36	5	3	2	4.60119	don
37	5	1	4	6.16062	culture
38	4	4	0	3.38618	with
39	4	2	2	3.10362	we
40	4	3	1	7.91669	traditional
41	4	3	1	3.98858	other
42	4	2	2	5.30526	only
43	4	4	0	7.08662	looking
44	4	4	0	3.78283	like
45	4	1	3	3.89679	international
46	3	2	1	6.08662	western
47	3	0	3	9.08662	war
48	3	0	3	3.13242	so
49	3	1	2	3.04953	shops
50	3	2	1	3.02053	shopping
51	3	1	2	7.21215	sell
52	3	1	2	3.38618	s
53	3	1	2	4.22863	restaurant
54	3	0	3	5.42365	products
55	3	1	2	2.90339	on
56	3	2	1	8.34965	meat
57	3	3	0	4.64921	local
58	3	2	1	1.15194	in
59	3	2	1	5.11699	get
60	3	1	2	5.76469	experience
61	3	1	2	5.81360	english
62	3	1	2	6.42365	cuisine
63	3	3	0	2.71158	can
64	3	2	1	1.95733	area
65	2	2	0	3.24113	well
66	2	1	1	8.50165	wanting
67	2	1	1	7.08662	vendors
68	2	2	0	4.66035	try
69	2	2	0	4.69430	things
70	2	0	2	4.56305	then
71	2	2	0	3.80121	than
72	2	2	0	5.04222	style
73	2	1	1	6.62718	stop
74	2	0	2	9.08662	standards
75	2	0	2	7.08662	speak
76	2	2	0	6.27926	south
77	2	2	0	9.08662	served
78	2	2	0	1.48670	seoul
79	2	2	0	3.93687	see
80	2	2	0	5.38618	re
81	2	0	2	6.62718	quality
82	2	1	1	8.08662	prefer
83	2	1	1	2.69430	or
84	2	1	1	9.08662	naturally
85	2	0	2	9.08662	nationals
86	2	0	2	5.33173	muslim
87	2	2	0	4.38618	much
88	2	1	1	2.61901	more
89	2	1	1	9.08662	memorial
90	2	0	2	6.27926	market
91	2	0	2	6.38618	made
92	2	0	2	7.27926	leather
93	2	2	0	7.08662	least
94	2	1	1	3.91669	korean
95	2	0	2	7.27926	italian
96	2	2	0	6.08662	into
97	2	1	1	9.08662	grill
98	2	2	0	4.50165	found
99	2	1	1	6.17972	foods
100	2	2	0	2.85780	find
101	2	0	2	5.76469	expats
102	2	1	1	4.59476	especially
103	2	0	2	9.08662	dishes
104	2	1	1	10.08662	co
105	2	1	1	7.76469	choose
106	2	2	0	3.80121	by
107	2	1	1	7.50165	bus
108	2	2	0	4.99915	both
109	2	2	0	3.76469	best
110	2	1	1	3.20397	be
111	2	0	2	3.97809	bar
112	2	1	1	7.27926	awesome
113	2	2	0	8.08662	authentic
114	2	1	1	8.50165	arabic
115	2	1	1	4.56305	any
116	2	0	2	3.40011	an
117	2	1	1	3.26644	all
118	1	0	1	9.08662	yummy
119	1	0	1	4.08662	young
120	1	0	1	7.08662	wrap
121	1	0	1	3.87716	worth
122	1	0	1	7.50165	words
123	1	1	0	5.76469	won
124	1	0	1	6.08662	why
125	1	0	1	4.38618	who
126	1	1	0	3.25373	which
127	1	0	1	2.09793	where
128	1	0	1	3.33173	went
129	1	1	0	1.74677	was
130	1	1	0	4.22863	want
131	1	1	0	7.50165	wait
132	1	0	1	1.82923	visit
133	1	0	1	8.08662	vegetable
134	1	1	0	4.04222	ve
135	1	1	0	4.56305	variety
136	1	0	1	5.38618	unique
137	1	0	1	9.08662	twist
138	1	1	0	5.50165	turkish
139	1	0	1	9.08662	tucan
140	1	1	0	9.08662	tree
141	1	0	1	6.50165	through
142	1	1	0	3.91669	those
143	1	0	1	7.50165	therefore
144	1	1	0	4.62718	their
145	1	1	0	7.08662	tastes
146	1	0	1	7.08662	tailors
147	1	1	0	7.50165	tacky
148	1	0	1	3.83869	such
149	1	0	1	4.83869	streets
150	1	1	0	2.38618	street
151	1	1	0	4.22863	stores
152	1	0	1	4.76469	still
153	1	0	1	7.50165	staying
154	1	0	1	5.08662	stay
155	1	0	1	9.08662	spread
156	1	0	1	8.08662	spirit
157	1	1	0	9.08662	specifically
158	1	1	0	6.76469	speaks
159	1	0	1	3.83869	souvenirs
160	1	1	0	5.76469	souvenir
161	1	0	1	9.08662	souveniors
162	1	0	1	7.50165	soul
163	1	0	1	6.50165	someone
164	1	0	1	7.50165	skills
165	1	0	1	9.08662	sirloin
166	1	1	0	3.83869	since
167	1	1	0	6.76469	signs
168	1	0	1	2.17972	shop
169	1	1	0	6.50165	school
170	1	0	1	6.76469	sauna
171	1	0	1	9.08662	roy
172	1	1	0	8.08662	resto
173	1	1	0	9.08662	request
174	1	1	0	8.08662	regular
175	1	0	1	3.17972	recommended
176	1	0	1	5.38618	recommend
177	1	0	1	8.08662	reached
178	1	1	0	4.13242	rather
179	1	1	0	9.08662	rank
180	1	1	0	7.50165	range
181	1	0	1	3.72906	quite
182	1	0	1	4.27926	pubs
183	1	0	1	6.50165	pub
184	1	0	1	5.76469	probably
185	1	0	1	9.08662	prime
186	1	0	1	5.38618	price
187	1	0	1	7.50165	pork
188	1	0	1	1.98858	places
189	1	0	1	7.50165	perhaps
190	1	0	1	9.08662	peoples
191	1	0	1	7.50165	patrons
192	1	0	1	2.51676	party
193	1	0	1	4.83869	part
194	1	0	1	9.08662	pakistan
195	1	1	0	8.08662	owned
196	1	1	0	6.76469	own
197	1	1	0	9.08662	oriental
198	1	1	0	5.91669	options
199	1	1	0	4.04222	old
200	1	1	0	7.08662	numerous
201	1	0	1	2.50165	nightlife
202	1	1	0	5.76469	never
203	1	1	0	5.38618	name
204	1	1	0	2.74677	my
205	1	1	0	9.08662	musree
206	1	0	1	4.62718	mosque
207	1	0	1	9.08662	min
208	1	0	1	6.08662	might
209	1	0	1	8.08662	menu
210	1	0	1	4.17972	men
211	1	1	0	6.50165	meet
212	1	0	1	4.08662	mean
213	1	1	0	4.27926	me
214	1	1	0	9.08662	maple
215	1	0	1	9.08662	malay
216	1	1	0	3.83869	love
217	1	0	1	2.81983	lot
218	1	0	1	8.08662	looked
219	1	0	1	9.08662	logo
220	1	1	0	3.53203	little
221	1	1	0	3.59476	life
222	1	1	0	9.08662	let
223	1	0	1	7.08662	language
224	1	1	0	3.87716	known
225	1	1	0	5.91669	know
226	1	1	0	9.08662	kitchy
227	1	1	0	5.76469	kind
228	1	1	0	9.08662	kebabs
229	1	0	1	6.27926	kebab
230	1	0	1	9.08662	jamaican
231	1	0	1	6.50165	isn
232	1	0	1	8.08662	ingredients
233	1	0	1	4.99915	indian
234	1	1	0	8.08662	ice
235	1	1	0	5.50165	how
236	1	1	0	7.50165	house
237	1	0	1	8.08662	hip
238	1	1	0	9.08662	highest
239	1	0	1	9.08662	herbs
240	1	1	0	6.27926	her
241	1	1	0	6.27926	heaven
242	1	1	0	6.27926	heart
243	1	1	0	6.50165	he
244	1	1	0	3.95733	having
245	1	1	0	0.78283	have
246	1	0	1	7.50165	grilled
247	1	0	1	6.50165	greek
248	1	0	1	1.70291	great
249	1	0	1	2.37237	good
250	1	1	0	1.69430	go
251	1	0	1	3.95733	friend
252	1	1	0	3.02053	foreigners
253	1	1	0	4.76469	foreign
254	1	1	0	9.08662	focused
255	1	0	1	9.08662	flair
256	1	0	1	9.08662	fav
257	1	0	1	8.08662	fast
258	1	1	0	9.08662	experienced
259	1	0	1	5.76469	expat
260	1	1	0	9.08662	expand
261	1	0	1	5.50165	everything
262	1	1	0	8.08662	european
263	1	0	1	3.50165	etc
264	1	1	0	6.50165	either
265	1	0	1	8.08662	eid
266	1	0	1	9.08662	effective
267	1	1	0	9.08662	ebola
268	1	1	0	9.08662	ease
269	1	0	1	3.99915	during
270	1	0	1	5.38618	down
271	1	0	1	3.47191	district
272	1	0	1	9.08662	dish
273	1	1	0	8.08662	desire
274	1	1	0	9.08662	delicious
275	1	1	0	8.08662	customised
276	1	1	0	7.08662	cultural
277	1	1	0	8.08662	cross
278	1	1	0	8.08662	cream
279	1	0	1	4.76469	could
280	1	0	1	8.08662	cost
281	1	1	0	9.08662	concentration
282	1	0	1	3.20397	compared
283	1	0	1	8.08662	common
284	1	0	1	4.17972	coming
285	1	0	1	4.50165	come
286	1	1	0	6.76469	com
287	1	1	0	6.76469	clothing
288	1	0	1	6.08662	close
289	1	0	1	8.08662	chopsticks
290	1	0	1	4.27926	character
291	1	1	0	8.08662	chances
292	1	1	0	9.08662	certified
293	1	1	0	7.50165	catering
294	1	0	1	5.62718	came
295	1	0	1	3.06425	cafes
296	1	1	0	9.08662	briyani
297	1	1	0	9.08662	breakfast
298	1	1	0	9.08662	beloved
299	1	1	0	2.81983	been
300	1	0	1	8.08662	beef
301	1	0	1	8.08662	bbq
302	1	0	1	3.80121	base
303	1	0	1	8.08662	bans
304	1	1	0	8.08662	average
305	1	0	1	5.62718	article
306	1	0	1	9.08662	arab
307	1	0	1	8.08662	apparently
308	1	0	1	9.08662	aplace
309	1	0	1	6.76469	apart
310	1	1	0	6.50165	although
311	1	1	0	1.41419	also
312	1	0	1	9.08662	africans
313	1	1	0	9.08662	advised
314	1	1	0	9.08662	admittedly
315	1	0	1	3.15588	about
