#Total No. of Collocate Types: 212
#Total No. of Collocate Tokens: 1540
1	92	92	0	6.53032	at
2	59	27	32	4.90085	it
3	44	37	7	2.97548	and
4	41	1	40	7.85545	life
5	38	27	11	3.57235	is
6	36	1	35	4.17954	this
7	36	4	32	4.44543	area
8	35	5	30	3.59940	in
9	34	4	30	4.07440	for
10	31	1	30	3.75907	you
11	31	3	28	4.25395	place
12	31	28	3	6.22970	good
13	30	27	3	4.97183	time
14	30	29	1	6.25279	day
15	29	28	1	5.19668	shopping
16	29	1	28	6.27788	party
17	29	1	28	5.96509	be
18	29	3	26	4.20749	are
19	28	28	0	5.42207	some
20	28	1	27	4.19720	seoul
21	28	28	0	7.79711	safe
22	28	1	27	5.77474	one
23	28	27	1	4.90837	not
24	28	1	27	6.28931	full
25	28	27	1	6.47518	best
26	27	0	27	6.74464	will
27	27	26	1	6.76736	eating
28	27	26	1	7.88666	drinking
29	27	0	27	4.91175	as
30	26	0	26	7.98975	whether
31	26	0	26	5.43281	visit
32	26	16	10	2.04814	the
33	26	0	26	7.98975	searching
34	26	26	0	5.49052	most
35	26	26	0	7.48074	known
36	26	26	0	7.93531	enjoying
37	26	26	0	7.93531	doing
38	26	0	26	6.35034	because
39	15	10	5	1.89946	to
40	13	9	4	1.84784	a
41	10	6	4	1.47563	of
42	8	4	4	2.41990	itaewon
43	7	1	6	3.09667	with
44	6	3	3	2.26183	there
45	6	4	2	3.19101	great
46	6	2	4	5.62052	clubs
47	5	1	4	2.35168	can
48	4	1	3	2.00676	we
49	4	3	1	2.59744	or
50	4	4	0	2.22157	on
51	4	2	2	2.72297	night
52	4	4	0	2.59744	go
53	4	3	1	4.43517	get
54	4	0	4	2.84001	but
55	3	1	2	2.23487	was
56	3	2	1	5.66783	visited
57	3	3	0	4.57472	spend
58	3	2	1	2.28931	s
59	3	2	1	7.57472	plus
60	3	2	1	2.94536	out
61	3	0	3	2.96001	just
62	3	1	2	0.75135	i
63	3	1	2	1.54129	here
64	3	1	2	3.27094	fun
65	3	2	1	3.08286	enjoy
66	3	3	0	3.28931	by
67	3	2	1	1.66783	bars
68	3	2	1	2.75454	all
69	2	0	2	3.15686	which
70	2	1	1	2.45060	were
71	2	2	0	4.59744	walk
72	2	0	2	5.81983	vibrant
73	2	1	1	2.51402	very
74	2	1	1	1.45060	so
75	2	1	1	0.77059	restaurants
76	2	1	1	8.98975	person
77	2	2	0	6.66783	partying
78	2	0	2	6.18240	packed
79	2	2	0	2.07089	nice
80	2	1	1	1.41990	many
81	2	1	1	7.98975	mad
82	2	2	0	6.98975	late
83	2	1	1	7.40479	kinda
84	2	1	1	4.18240	its
85	2	1	1	4.98975	into
86	2	1	1	1.79993	international
87	2	2	0	4.98975	hang
88	2	1	1	2.92366	foreigners
89	2	2	0	4.08286	experience
90	2	2	0	3.86047	evening
91	2	1	1	3.49790	especially
92	2	2	0	3.74183	different
93	2	0	2	7.40479	careful
94	2	0	2	5.40479	busy
95	2	1	1	5.08286	another
96	2	1	1	6.66783	alive
97	1	1	0	1.04724	your
98	1	0	1	1.66783	would
99	1	1	0	6.40479	whole
100	1	0	1	3.23487	when
101	1	0	1	5.98975	wheelchair
102	1	0	1	2.23487	went
103	1	1	0	5.98975	weekends
104	1	0	1	5.98975	weekend
105	1	1	0	3.13177	want
106	1	0	1	4.81983	walked
107	1	0	1	3.46619	variety
108	1	0	1	1.66783	us
109	1	1	0	6.98975	transport
110	1	1	0	7.98975	toys
111	1	1	0	6.98975	tough
112	1	0	1	6.40479	took
113	1	0	1	2.13177	too
114	1	0	1	2.81983	those
115	1	0	1	-0.26763	that
116	1	1	0	0.41990	t
117	1	1	0	6.98975	surrounding
118	1	0	1	4.53032	sure
119	1	0	1	7.98975	superb
120	1	1	0	6.40479	super
121	1	0	1	5.98975	stroll
122	1	0	1	7.98975	straight
123	1	1	0	2.74183	souvenirs
124	1	1	0	4.18240	south
125	1	1	0	7.98975	single
126	1	1	0	0.36770	shops
127	1	1	0	7.98975	shared
128	1	0	1	1.84001	see
129	1	1	0	7.98975	saturday
130	1	0	1	6.40479	required
131	1	0	1	4.28931	recommend
132	1	1	0	1.15686	really
133	1	1	0	7.98975	ready
134	1	1	0	3.28931	re
135	1	1	0	3.18240	pubs
136	1	0	1	2.66783	plenty
137	1	0	1	7.98975	playing
138	1	0	1	1.64990	people
139	1	1	0	7.98975	parties
140	1	0	1	7.98975	outs
141	1	1	0	2.20839	only
142	1	0	1	6.40479	obviously
143	1	1	0	7.98975	nevertheless
144	1	0	1	3.08286	music
145	1	1	0	2.28931	much
146	1	1	0	3.53032	mosque
147	1	1	0	6.98975	mood
148	1	0	1	5.66783	minutes
149	1	0	1	7.98975	mecca
150	1	1	0	2.74183	love
151	1	1	0	0.98975	lots
152	1	1	0	1.72297	lot
153	1	1	0	4.28931	look
154	1	1	0	4.28931	long
155	1	0	1	7.98975	locale
156	1	0	1	7.98975	lights
157	1	0	1	7.98975	lidia
158	1	1	0	2.10711	korea
159	1	0	1	5.66783	keep
160	1	1	0	2.66783	interesting
161	1	0	1	0.20185	if
162	1	1	0	3.03556	hours
163	1	0	1	6.40479	hole
164	1	0	1	5.66783	head
165	1	1	0	-0.31403	have
166	1	1	0	7.98975	harmony
167	1	0	1	4.98975	hangout
168	1	1	0	7.98975	halooween
169	1	1	0	6.40479	halloween
170	1	0	1	6.98975	half
171	1	0	1	7.98975	guinness
172	1	1	0	5.18240	going
173	1	0	1	4.53032	getting
174	1	0	1	4.08286	friends
175	1	0	1	2.63220	friendly
176	1	0	1	2.66783	foreigner
177	1	1	0	0.69513	food
178	1	1	0	7.98975	females
179	1	0	1	6.98975	fees
180	1	0	1	3.28931	feel
181	1	0	1	7.98975	falls
182	1	0	1	4.66783	expat
183	1	0	1	5.40479	everywhere
184	1	1	0	7.98975	evenings
185	1	1	0	2.40479	etc
186	1	0	1	4.98975	entry
187	1	0	1	3.13177	energy
188	1	1	0	2.86047	end
189	1	0	1	2.90229	during
190	1	1	0	2.98975	drinks
191	1	0	1	1.48196	drink
192	1	0	1	6.40479	done
193	1	0	1	2.70435	didn
194	1	0	1	5.98975	decided
195	1	0	1	3.74183	cuisine
196	1	0	1	5.66783	completely
197	1	1	0	4.66783	choices
198	1	1	0	4.28931	cheap
199	1	0	1	5.18240	change
200	1	0	1	6.98975	blast
201	1	1	0	6.40479	between
202	1	0	1	1.72297	been
203	1	0	1	1.88123	bar
204	1	1	0	7.98975	avoided
205	1	1	0	5.66783	asian
206	1	1	0	0.78030	around
207	1	1	0	7.98975	ared
208	1	0	1	1.30325	an
209	1	1	0	5.40479	am
210	1	0	1	5.40479	along
211	1	0	1	5.98975	alone
212	1	1	0	3.90229	after
