#Total No. of Collocate Types: 712
#Total No. of Collocate Tokens: 3430
1	242	157	85	3.81877	the
2	126	64	62	3.62093	a
3	114	53	61	3.37258	to
4	96	93	3	5.87542	hanok
5	93	89	4	5.82040	bukchon
6	90	59	31	3.58189	of
7	77	12	65	4.01928	is
8	72	52	20	4.40594	this
9	72	38	34	3.58088	in
10	71	30	41	2.80973	and
11	53	33	20	3.77631	traditional
12	51	17	34	3.33241	it
13	37	24	13	3.90267	korean
14	34	9	25	2.57057	you
15	34	4	30	3.78068	with
16	33	13	20	3.63157	place
17	32	13	19	3.74297	we
18	31	3	28	2.93387	are
19	30	21	9	4.15184	visit
20	30	15	15	3.27818	for
21	29	21	8	3.69914	around
22	24	12	12	2.73876	village
23	24	9	15	2.78579	houses
24	23	3	20	3.66480	was
25	23	13	10	3.44121	that
26	23	13	10	3.69855	nice
27	22	8	14	3.72241	seoul
28	22	10	12	3.62591	not
29	21	4	17	2.52110	there
30	21	6	15	3.02567	i
31	20	14	6	4.01515	beautiful
32	20	4	16	2.86437	area
33	19	12	7	2.97830	walk
34	19	4	15	3.41440	s
35	19	6	13	3.84651	many
36	19	10	9	3.85801	at
37	15	11	4	3.44933	walking
38	15	10	5	3.63726	time
39	15	4	11	2.88284	so
40	15	12	3	4.43836	small
41	15	10	5	2.96706	see
42	15	10	5	3.07336	old
43	13	2	11	3.00018	very
44	12	5	7	3.11643	here
45	12	3	9	2.59097	but
46	12	5	7	2.69322	be
47	12	4	8	2.77712	as
48	11	9	2	3.33486	streets
49	11	8	3	4.74989	quaint
50	11	4	7	4.82584	pretty
51	11	7	4	3.78737	palace
52	11	2	9	2.93726	on
53	11	8	3	4.22794	little
54	11	2	9	3.14048	great
55	11	5	6	3.33486	an
56	10	4	6	3.70797	worth
57	10	7	3	4.06490	through
58	10	4	6	4.54024	lovely
59	10	6	4	4.64987	love
60	10	1	9	4.43836	has
61	10	8	2	4.85340	free
62	10	5	5	2.25394	can
63	9	4	5	5.22223	walked
64	9	5	4	5.35347	visited
65	9	2	7	2.45117	some
66	9	2	7	3.11643	one
67	9	1	8	3.86315	lot
68	9	0	9	2.55596	if
69	9	6	3	3.13108	get
70	8	4	4	3.93201	when
71	8	2	6	3.29046	they
72	8	3	5	3.79450	their
73	8	2	6	3.44658	really
74	8	5	3	3.84794	quiet
75	8	2	6	3.55350	my
76	8	3	5	3.13292	like
77	8	5	3	2.74297	just
78	8	7	1	4.66897	history
79	8	2	6	2.53147	have
80	8	2	6	2.91765	good
81	8	3	5	2.68105	from
82	8	4	4	3.16647	by
83	8	3	5	4.08401	back
84	7	3	4	4.68278	went
85	7	4	3	2.89137	or
86	7	4	3	3.52524	must
87	7	5	2	2.69672	hanbok
88	7	1	6	3.95695	had
89	7	3	4	4.99090	ancient
90	7	0	7	4.06129	after
91	7	4	3	3.55033	about
92	6	5	1	3.87542	while
93	6	3	3	4.25394	visiting
94	6	2	4	2.80327	up
95	6	4	2	3.46039	tourist
96	6	3	3	3.91290	tour
97	6	3	3	2.85705	still
98	6	1	5	1.97100	shops
99	6	3	3	2.17214	people
100	6	3	3	5.83890	parts
101	6	3	3	4.40594	palaces
102	6	1	5	3.70140	our
103	6	3	3	4.07336	map
104	6	3	3	3.32794	korea
105	6	4	2	2.50262	go
106	6	2	4	3.07336	city
107	6	0	6	2.75144	also
108	5	3	2	4.43836	wonderful
109	5	4	1	5.43836	within
110	5	2	3	2.28308	were
111	5	0	5	3.76851	views
112	5	3	2	4.81033	uphill
113	5	1	4	2.57586	tourists
114	5	1	4	3.31283	tea
115	5	1	4	2.05230	take
116	5	2	3	2.26844	t
117	5	3	2	3.06490	street
118	5	2	3	4.09044	right
119	5	1	4	3.09044	residential
120	5	3	2	4.19735	part
121	5	3	2	4.99090	next
122	5	1	4	2.94360	neighborhood
123	5	2	3	2.78927	more
124	5	3	2	3.85340	living
125	5	1	4	5.89779	itself
126	5	3	2	2.99090	interesting
127	5	3	2	3.47153	feel
128	5	4	1	5.72787	exploring
129	5	4	1	3.03981	experience
130	5	3	2	3.19735	day
131	5	3	2	3.94360	anguk
132	5	4	1	3.06490	along
133	5	0	5	2.66897	all
134	4	2	2	3.18355	would
135	4	1	3	2.40594	which
136	4	2	2	2.00601	where
137	4	2	2	3.82098	what
138	4	2	2	2.84794	well
139	4	2	2	2.93201	way
140	4	1	3	3.53147	us
141	4	2	2	4.11643	unique
142	4	0	4	4.05230	two
143	4	0	4	3.66897	then
144	4	4	0	3.87542	stroll
145	4	4	0	3.18355	station
146	4	3	1	3.87542	side
147	4	4	0	4.48840	real
148	4	0	4	4.66897	off
149	4	1	3	4.66897	near
150	4	2	2	5.76851	name
151	4	2	2	3.29046	its
152	4	2	2	3.57586	hours
153	4	1	3	4.66897	first
154	4	1	3	2.76851	few
155	4	0	4	4.66897	far
156	4	3	1	3.87542	cultural
157	4	2	2	4.57586	climb
158	4	3	1	4.76851	charming
159	4	0	4	5.11643	came
160	4	4	0	3.87542	before
161	4	2	2	3.32794	because
162	4	3	1	3.99090	amazing
163	3	2	1	2.05230	your
164	3	2	1	3.76851	wander
165	3	1	2	5.16083	use
166	3	1	2	5.16083	typical
167	3	2	1	3.63726	than
168	3	3	0	3.40594	shop
169	3	2	1	3.83890	seeing
170	3	3	0	3.76851	road
171	3	1	2	2.63726	restaurants
172	3	1	2	3.46039	residents
173	3	0	3	4.99090	rather
174	3	1	2	3.51697	preserved
175	3	3	0	4.57586	point
176	3	0	3	2.83890	places
177	3	2	1	4.25394	picturesque
178	3	1	2	2.51697	photos
179	3	2	1	3.70140	past
180	3	1	2	2.83890	out
181	3	0	3	3.03154	only
182	3	1	2	5.83890	neat
183	3	0	3	2.40594	much
184	3	1	2	3.07336	most
185	3	2	1	3.83890	morning
186	3	1	2	2.57586	modern
187	3	2	1	3.16083	me
188	3	2	1	5.16083	makes
189	3	1	2	3.35347	main
190	3	1	2	3.99090	loved
191	3	0	3	2.40594	lots
192	3	0	3	2.66897	into
193	3	2	1	3.07336	inside
194	3	3	0	5.57586	hrs
195	3	0	3	1.97100	house
196	3	1	2	4.46039	home
197	3	2	1	4.16083	historic
198	3	1	2	3.63726	gyeongbokgung
199	3	0	3	3.20663	going
200	3	2	1	4.25394	galleries
201	3	0	3	3.63726	fun
202	3	1	2	3.76851	full
203	3	3	0	6.16083	folk
204	3	0	3	5.83890	fascinating
205	3	2	1	3.99090	exit
206	3	3	0	4.46039	enter
207	3	1	2	3.76851	enjoyed
208	3	1	2	3.20663	enjoy
209	3	1	2	3.46039	cute
210	3	1	2	2.99090	buildings
211	3	1	2	2.87542	bit
212	3	2	1	3.99090	between
213	3	1	2	3.30285	been
214	3	1	2	4.99090	awesome
215	3	2	1	1.93201	architecture
216	2	0	2	5.99090	worthwhile
217	2	1	1	3.25394	wearing
218	2	1	1	5.99090	waste
219	2	1	1	2.82098	want
220	2	1	1	4.11643	walls
221	2	1	1	2.25394	view
222	2	0	2	4.99090	unfortunately
223	2	0	2	2.76851	try
224	2	1	1	3.25394	trip
225	2	2	0	6.57586	translates
226	2	2	0	3.11643	top
227	2	1	1	2.82098	took
228	2	1	1	5.99090	throughout
229	2	1	1	2.99090	though
230	2	0	2	3.87542	think
231	2	0	2	2.21831	these
232	2	0	2	2.44658	taking
233	2	1	1	2.66897	sure
234	2	1	1	5.57586	super
235	2	1	1	3.57586	such
236	2	2	0	2.11643	style
237	2	1	1	4.99090	structure
238	2	1	1	3.11643	stores
239	2	0	2	3.05230	steep
240	2	0	2	4.99090	staying
241	2	2	0	3.11643	spot
242	2	0	2	4.99090	sold
243	2	1	1	2.62167	signs
244	2	2	0	3.57586	shopping
245	2	2	0	3.25394	shoes
246	2	2	0	4.25394	set
247	2	2	0	4.99090	seen
248	2	1	1	4.11643	school
249	2	1	1	4.99090	samcheongdong
250	2	1	1	4.40594	round
251	2	1	1	2.25394	rent
252	2	0	2	6.57586	remind
253	2	0	2	6.57586	remained
254	2	1	1	1.59858	quite
255	2	0	2	3.32794	private
256	2	0	2	6.57586	preserves
257	2	0	2	3.40594	prepared
258	2	0	2	5.57586	pm
259	2	1	1	5.57586	piece
260	2	0	2	3.87542	perfect
261	2	1	1	3.32794	open
262	2	0	2	4.57586	once
263	2	1	1	5.57586	offers
264	2	1	1	2.99090	nothing
265	2	2	0	5.99090	northern
266	2	1	1	2.87542	no
267	2	1	1	4.40594	night
268	2	0	2	2.62167	need
269	2	1	1	4.99090	myeongdong
270	2	2	0	3.76851	museums
271	2	1	1	3.57586	museum
272	2	1	1	3.40594	miss
273	2	1	1	2.82098	make
274	2	1	1	4.25394	m
275	2	1	1	4.76851	looks
276	2	0	2	2.25394	look
277	2	0	2	3.48840	located
278	2	1	1	2.44658	local
279	2	0	2	1.90344	live
280	2	2	0	4.99090	literally
281	2	2	0	6.57586	lin
282	2	1	1	4.25394	life
283	2	1	1	7.57586	letdown
284	2	1	1	3.76851	left
285	2	1	1	4.40594	large
286	2	0	2	6.57586	june
287	2	1	1	4.25394	joseon
288	2	0	2	5.57586	inhabited
289	2	0	2	5.25394	including
290	2	0	2	4.99090	included
291	2	0	2	3.57586	however
292	2	1	1	2.32794	how
293	2	0	2	2.76851	hour
294	2	0	2	1.99090	homes
295	2	2	0	3.76851	hills
296	2	2	0	4.57586	helpful
297	2	0	2	3.11643	hanoks
298	2	0	2	6.57586	gyeongbokgong
299	2	1	1	3.18355	guide
300	2	0	2	3.25394	got
301	2	1	1	4.76851	glimpse
302	2	1	1	4.99090	further
303	2	0	2	5.99090	frozen
304	2	1	1	4.99090	front
305	2	1	1	3.40594	food
306	2	0	2	4.57586	follow
307	2	2	0	1.79450	find
308	2	0	2	4.76851	fantastic
309	2	1	1	2.82098	explore
310	2	1	1	5.99090	example
311	2	1	1	2.57586	even
312	2	2	0	5.25394	entrance
313	2	1	1	3.76851	enough
314	2	1	1	5.57586	effort
315	2	0	2	3.66897	easy
316	2	1	1	3.32794	dress
317	2	1	1	2.53147	down
318	2	0	2	2.21831	don
319	2	2	0	1.38604	do
320	2	2	0	4.57586	difficult
321	2	1	1	3.18355	different
322	2	2	0	3.48840	days
323	2	2	0	2.18355	culture
324	2	0	2	3.32794	couple
325	2	0	2	3.05230	could
326	2	2	0	2.76851	come
327	2	0	2	2.18355	cafes
328	2	1	1	2.76851	best
329	2	1	1	4.76851	beside
330	2	1	1	7.57586	becuase
331	2	2	0	5.57586	background
332	2	0	2	3.76851	away
333	2	1	1	4.76851	available
334	2	0	2	4.25394	authentic
335	2	1	1	3.32794	areas
336	2	2	0	5.99090	andong
337	2	1	1	3.76851	although
338	2	1	1	2.93201	alleys
339	2	1	1	6.57586	airport
340	2	1	1	5.57586	advance
341	2	1	1	3.76851	actual
342	1	0	1	4.99090	yongin
343	1	0	1	3.57586	yes
344	1	0	1	2.99090	years
345	1	0	1	4.99090	year
346	1	0	1	6.57586	worried
347	1	0	1	4.57586	workshop
348	1	0	1	6.57586	wiped
349	1	0	1	3.57586	winter
350	1	1	0	0.71788	will
351	1	1	0	2.66897	whole
352	1	0	1	1.87542	who
353	1	1	0	4.99090	whilst
354	1	1	0	3.11643	weather
355	1	0	1	6.57586	weared
356	1	0	1	3.99090	wasn
357	1	0	1	5.57586	volunteer
358	1	1	0	3.99090	voice
359	1	1	0	3.57586	villages
360	1	0	1	4.99090	vibe
361	1	1	0	5.57586	version
362	1	1	0	4.57586	various
363	1	0	1	5.57586	usually
364	1	1	0	6.57586	urban
365	1	1	0	4.99090	until
366	1	1	0	5.57586	unesco
367	1	1	0	4.25394	understand
368	1	0	1	4.57586	type
369	1	0	1	3.99090	truly
370	1	1	0	6.57586	tranquility
371	1	1	0	6.57586	traditionally
372	1	1	0	4.99090	touring
373	1	0	1	6.57586	touching
374	1	1	0	1.02128	too
375	1	0	1	3.99090	told
376	1	0	1	3.11643	today
377	1	1	0	4.99090	tiring
378	1	0	1	4.25394	tip
379	1	0	1	4.99090	thus
380	1	1	0	6.57586	thru
381	1	0	1	1.99090	those
382	1	1	0	5.57586	thoroughly
383	1	0	1	2.99090	thing
384	1	1	0	4.99090	therefore
385	1	1	0	1.21831	them
386	1	0	1	4.57586	thanks
387	1	1	0	6.57586	thankful
388	1	0	1	4.99090	th
389	1	0	1	6.57586	testament
390	1	1	0	5.57586	tell
391	1	1	0	4.57586	taxi
392	1	0	1	4.57586	takes
393	1	0	1	6.57586	suwon
394	1	1	0	6.57586	surrounds
395	1	1	0	3.40594	surrounding
396	1	0	1	2.99090	surrounded
397	1	0	1	6.57586	supposed
398	1	1	0	5.57586	sun
399	1	0	1	2.11643	subway
400	1	0	1	4.99090	stunning
401	1	1	0	3.57586	strolling
402	1	1	0	6.57586	strictly
403	1	1	0	4.25394	straight
404	1	1	0	3.57586	stops
405	1	0	1	4.57586	stopping
406	1	1	0	2.18355	stop
407	1	1	0	3.76851	start
408	1	0	1	6.57586	stands
409	1	1	0	3.99090	stairs
410	1	0	1	2.87542	spent
411	1	0	1	4.57586	speak
412	1	1	0	2.87542	souvenir
413	1	0	1	3.11643	south
414	1	0	1	4.57586	someone
415	1	1	0	5.57586	someday
416	1	1	0	4.57586	snacks
417	1	1	0	6.57586	sloping
418	1	1	0	4.57586	skip
419	1	0	1	6.57586	sizes
420	1	1	0	4.57586	situated
421	1	1	0	5.57586	sites
422	1	0	1	3.99090	sign
423	1	1	0	4.25394	shrine
424	1	0	1	6.57586	showcase
425	1	0	1	3.99090	short
426	1	0	1	2.40594	she
427	1	0	1	6.57586	sharp
428	1	1	0	4.99090	serene
429	1	0	1	3.25394	selling
430	1	1	0	4.57586	seem
431	1	1	0	6.57586	sections
432	1	1	0	6.57586	season
433	1	0	1	3.76851	scenic
434	1	1	0	4.99090	says
435	1	0	1	4.99090	sandwiched
436	1	0	1	2.76851	same
437	1	1	0	3.99090	samcheong
438	1	0	1	4.99090	routes
439	1	0	1	4.25394	rooms
440	1	1	0	6.57586	roaming
441	1	1	0	4.25394	roam
442	1	1	0	3.99090	ro
443	1	1	0	6.57586	rm
444	1	0	1	6.57586	rip
445	1	0	1	6.57586	retain
446	1	0	1	3.57586	restaurant
447	1	0	1	3.11643	residences
448	1	0	1	3.57586	residence
449	1	0	1	6.57586	reproduction
450	1	0	1	3.99090	rented
451	1	1	0	5.57586	rentals
452	1	1	0	1.76851	rental
453	1	0	1	3.99090	renovated
454	1	0	1	6.57586	reminisce
455	1	1	0	6.57586	remake
456	1	0	1	5.57586	relaxing
457	1	0	1	6.57586	reconstructed
458	1	1	0	1.82098	recommend
459	1	1	0	6.57586	rebuilding
460	1	1	0	4.25394	read
461	1	1	0	6.57586	reached
462	1	0	1	4.25394	reach
463	1	1	0	2.11643	re
464	1	1	0	6.57586	raw
465	1	0	1	6.57586	quirky
466	1	0	1	5.57586	quintessential
467	1	1	0	5.57586	quickly
468	1	0	1	5.57586	quarters
469	1	0	1	4.99090	provided
470	1	0	1	4.99090	proper
471	1	1	0	6.57586	proceed
472	1	0	1	6.57586	priceless
473	1	1	0	4.57586	preserve
474	1	1	0	6.57586	plumbing
475	1	0	1	6.57586	plans
476	1	1	0	4.99090	planned
477	1	1	0	1.29046	pictures
478	1	0	1	3.99090	pics
479	1	1	0	3.11643	photogenic
480	1	1	0	6.57586	photobombers
481	1	0	1	5.57586	performances
482	1	0	1	4.99090	per
483	1	0	1	6.57586	peoiple
484	1	1	0	2.87542	peaceful
485	1	1	0	3.40594	own
486	1	0	1	3.40594	overrated
487	1	1	0	5.57586	overlooking
488	1	0	1	2.48840	over
489	1	0	1	6.57586	outstanding
490	1	1	0	2.87542	outside
491	1	1	0	4.99090	outlets
492	1	0	1	4.57586	outfits
493	1	1	0	4.57586	ourselves
494	1	0	1	4.25394	otherwise
495	1	1	0	4.99090	originally
496	1	0	1	5.57586	option
497	1	1	0	3.25394	ok
498	1	0	1	5.57586	numerous
499	1	0	1	3.57586	number
500	1	1	0	6.57586	nowdays
501	1	0	1	2.99090	now
502	1	0	1	5.57586	noticed
503	1	1	0	5.57586	nights
504	1	1	0	6.57586	nicest
505	1	1	0	2.76851	new
506	1	0	1	2.76851	neighbourhood
507	1	0	1	4.57586	nearly
508	1	1	0	3.11643	nearby
509	1	1	0	1.71788	narrow
510	1	0	1	4.99090	month
511	1	1	0	4.99090	modernized
512	1	0	1	2.57586	minutes
513	1	1	0	3.99090	minute
514	1	0	1	2.99090	middle
515	1	0	1	6.57586	metropolis
516	1	1	0	6.57586	meter
517	1	1	0	3.11643	may
518	1	0	1	6.57586	manner
519	1	0	1	4.57586	magical
520	1	0	1	4.99090	luckily
521	1	0	1	2.18355	lost
522	1	1	0	6.57586	lookouts
523	1	1	0	2.40594	looking
524	1	0	1	2.40594	long
525	1	1	0	4.25394	locations
526	1	0	1	2.76851	locals
527	1	1	0	2.66897	lived
528	1	0	1	4.25394	list
529	1	0	1	4.99090	lifestyle
530	1	1	0	4.99090	leaving
531	1	0	1	4.25394	leave
532	1	0	1	4.99090	later
533	1	0	1	3.40594	krw
534	1	1	0	4.57586	koreans
535	1	1	0	3.76851	kind
536	1	0	1	2.87542	kept
537	1	1	0	4.25394	jongmyo
538	1	1	0	4.25394	items
539	1	0	1	6.57586	interspersed
540	1	1	0	6.57586	intersection
541	1	1	0	3.25394	interested
542	1	0	1	4.99090	insight
543	1	0	1	2.32794	information
544	1	1	0	6.57586	infamous
545	1	0	1	4.99090	include
546	1	0	1	6.57586	inclines
547	1	1	0	5.57586	impressed
548	1	1	0	5.57586	impress
549	1	1	0	5.57586	iconic
550	1	0	1	4.99090	hundreds
551	1	0	1	6.57586	humble
552	1	1	0	2.76851	housing
553	1	0	1	4.57586	honestly
554	1	1	0	2.40594	historical
555	1	0	1	5.57586	hip
556	1	0	1	6.57586	him
557	1	1	0	1.57586	hill
558	1	1	0	4.25394	hike
559	1	0	1	3.57586	highly
560	1	0	1	4.25394	highlight
561	1	1	0	5.57586	highest
562	1	0	1	4.99090	hidden
563	1	0	1	3.25394	having
564	1	1	0	6.57586	harmony
565	1	0	1	3.76851	hard
566	1	0	1	4.99090	happy
567	1	0	1	5.57586	hanbook
568	1	0	1	3.57586	hanboks
569	1	1	0	4.57586	han
570	1	1	0	6.57586	gyeongbukkong
571	1	0	1	3.57586	guides
572	1	0	1	4.57586	guesthouses
573	1	0	1	4.99090	green
574	1	0	1	6.57586	gradually
575	1	0	1	4.25394	gorgeous
576	1	1	0	5.57586	gone
577	1	1	0	2.87542	gives
578	1	0	1	2.76851	give
579	1	0	1	4.25394	getting
580	1	0	1	5.57586	geongbukyong
581	1	1	0	6.57586	gen
582	1	0	1	6.57586	gates
583	1	1	0	3.76851	friendly
584	1	0	1	3.57586	friend
585	1	1	0	6.57586	french
586	1	1	0	2.32794	found
587	1	1	0	3.76851	forget
588	1	1	0	4.99090	foot
589	1	1	0	4.57586	followed
590	1	0	1	6.57586	folding
591	1	0	1	6.57586	flock
592	1	1	0	4.99090	flavour
593	1	0	1	6.57586	fl
594	1	1	0	5.57586	finding
595	1	1	0	5.57586	filmed
596	1	0	1	3.40594	filled
597	1	0	1	3.57586	felt
598	1	1	0	4.99090	feeling
599	1	0	1	3.76851	favorite
600	1	1	0	3.99090	family
601	1	0	1	6.57586	faithful
602	1	1	0	4.57586	eyes
603	1	0	1	6.57586	exposure
604	1	0	1	3.99090	expected
605	1	0	1	3.99090	expect
606	1	0	1	6.57586	existed
607	1	1	0	6.57586	exceptional
608	1	0	1	4.99090	except
609	1	1	0	4.25394	everyone
610	1	1	0	2.87542	every
611	1	1	0	6.57586	europe
612	1	0	1	3.25394	etc
613	1	0	1	3.40594	especially
614	1	1	0	4.25394	environment
615	1	1	0	4.25394	enjoying
616	1	0	1	3.76851	english
617	1	1	0	3.99090	else
618	1	1	0	5.57586	electricity
619	1	0	1	4.57586	either
620	1	1	0	4.25394	eating
621	1	1	0	5.57586	earlier
622	1	0	1	4.99090	each
623	1	0	1	6.57586	duo
624	1	0	1	4.25394	due
625	1	0	1	4.99090	drop
626	1	1	0	3.57586	drink
627	1	0	1	6.57586	drams
628	1	1	0	3.25394	downhill
629	1	0	1	6.57586	dotted
630	1	1	0	3.40594	dong
631	1	0	1	3.76851	does
632	1	1	0	6.57586	divides
633	1	0	1	3.57586	district
634	1	1	0	5.57586	discovering
635	1	1	0	2.18355	did
636	1	0	1	6.57586	deserted
637	1	1	0	2.05230	definitely
638	1	0	1	3.57586	decided
639	1	0	1	6.57586	current
640	1	0	1	4.99090	cross
641	1	1	0	4.25394	costume
642	1	0	1	4.99090	costs
643	1	0	1	4.99090	cost
644	1	1	0	6.57586	corridor
645	1	1	0	6.57586	corresponding
646	1	1	0	3.99090	corner
647	1	1	0	2.57586	cool
648	1	0	1	4.57586	continue
649	1	1	0	4.99090	consists
650	1	1	0	6.57586	conservatory
651	1	0	1	6.57586	confused
652	1	1	0	5.57586	concept
653	1	1	0	6.57586	complexes
654	1	1	0	2.76851	cold
655	1	0	1	1.99090	coffee
656	1	0	1	6.57586	clusters
657	1	0	1	2.66897	close
658	1	1	0	3.25394	clean
659	1	1	0	6.57586	classic
660	1	0	1	5.57586	chose
661	1	0	1	4.99090	children
662	1	1	0	3.99090	cherry
663	1	1	0	2.99090	check
664	1	0	1	3.99090	charm
665	1	1	0	6.57586	chaos
666	1	0	1	6.57586	cetre
667	1	0	1	4.99090	certainly
668	1	1	0	5.57586	ceremony
669	1	1	0	5.57586	century
670	1	0	1	6.57586	cater
671	1	1	0	4.57586	capital
672	1	1	0	3.76851	called
673	1	1	0	2.87542	cafe
674	1	0	1	4.57586	buy
675	1	1	0	6.57586	bukcheon
676	1	1	0	6.57586	buiding
677	1	1	0	6.57586	buffs
678	1	1	0	4.99090	buckhon
679	1	0	1	6.57586	brown
680	1	0	1	4.99090	brings
681	1	1	0	3.99090	bring
682	1	1	0	6.57586	bricks
683	1	0	1	3.57586	boutique
684	1	1	0	3.99090	blossoms
685	1	0	1	5.57586	blast
686	1	1	0	2.40594	better
687	1	1	0	5.57586	below
688	1	1	0	2.48840	being
689	1	1	0	4.99090	beginning
690	1	1	0	6.57586	became
691	1	1	0	3.40594	beauty
692	1	1	0	6.57586	beautifuel
693	1	0	1	4.99090	basically
694	1	1	0	4.25394	attractions
695	1	1	0	3.25394	attraction
696	1	1	0	2.87542	atmosphere
697	1	0	1	4.57586	aside
698	1	0	1	2.40594	art
699	1	0	1	4.25394	architectures
700	1	1	0	3.76851	architectural
701	1	0	1	4.99090	april
702	1	0	1	6.57586	americans
703	1	0	1	5.57586	allows
704	1	0	1	3.76851	allow
705	1	0	1	6.57586	albeit
706	1	0	1	3.99090	ago
707	1	1	0	3.57586	again
708	1	1	0	5.57586	afraid
709	1	0	1	5.57586	affordable
710	1	0	1	5.57586	advantage
711	1	1	0	4.99090	adorable
712	1	1	0	1.18355	actually
